0	31	0
1	20	0
2	18	0
3	10	0
4	15	0
5	25	0
6	20	0
7	22	0
8	19	0
9	17	0
10	29	0
11	15	0
12	17	0
13	20	0
14	21	0
15	27	1
16	29	0
17	24	0
18	27	0
19	32	0
20	27	1
21	55	9
22	148	47
23	433	62
24	981	52
25	1455	45
26	1990	58
27	1833	61
28	2144	68
29	2481	63
30	2587	68
31	3227	80
32	3180	78
33	3354	75
34	3853	80
35	3923	74
36	4435	66
37	5982	85
38	5492	56
39	6433	66
40	8187	101
41	7772	73
42	10574	91
43	10572	101
44	10641	81
45	12472	103
46	13728	88
47	15326	122
48	13515	101
49	14704	133
50	15501	133
51	13348	114
52	14224	133
53	15520	155
54	12036	139
55	12109	127
56	11390	142
57	9494	123
58	9830	142
59	7533	138
60	6731	131
61	6178	130
62	5118	113
63	4290	111
64	3844	114
65	3126	135
66	2800	97
67	2218	118
68	1803	93
69	1991	133
70	1430	94
71	1436	91
72	1315	123
73	1149	87
74	1338	135
75	1152	105
76	1155	106
77	1163	116
78	1257	122
79	1167	115
80	1342	134
81	1214	134
82	1494	149
83	1187	94
84	1409	110
85	1570	176
86	1359	116
87	1587	161
88	1372	128
89	1433	140
90	1810	150
91	1446	130
92	1532	146
93	1614	135
94	1699	149
95	2082	187
96	1629	138
97	1698	161
98	1826	172
99	1602	144
100	1607	144
101	2010	174
102	1690	170
103	1733	181
104	1836	184
105	1655	169
106	2096	222
107	1850	202
108	1755	193
109	1935	219
110	1974	241
111	2003	230
112	1943	239
113	2006	207
114	2034	239
115	1885	196
116	2042	211
117	2335	286
118	1988	221
119	2316	239
120	2345	245
121	2209	236
122	2644	301
123	2495	253
124	2476	211
125	2922	291
126	3017	263
127	2796	253
128	3532	289
129	3218	309
130	3532	293
131	3371	271
132	3329	264
133	4258	325
134	3464	268
135	4147	322
136	3963	306
137	3704	277
138	4467	327
139	4002	324
140	3581	301
141	4002	292
142	3877	319
143	3840	296
144	3727	297
145	3562	287
146	3460	310
147	2766	291
148	3140	342
149	3184	361
150	2532	292
151	2647	342
152	2293	278
153	2070	290
154	2257	376
155	1733	290
156	1766	326
157	1625	311
158	1453	337
159	1453	354
160	1313	324
161	1180	313
162	1101	370
163	954	319
164	895	321
165	1004	402
166	816	273
167	718	304
168	823	365
169	674	287
170	797	373
171	732	347
172	585	271
173	677	324
174	749	334
175	753	355
176	653	306
177	729	326
178	747	347
179	647	289
180	691	330
181	806	355
182	744	306
183	747	335
184	799	365
185	712	297
186	836	358
187	708	315
188	820	307
189	810	384
190	755	333
191	866	355
192	729	311
193	804	327
194	795	325
195	745	300
196	736	297
197	878	362
198	751	286
199	842	320
200	725	296
201	678	261
202	845	311
203	679	309
204	650	284
205	663	323
206	695	317
207	690	270
208	644	288
209	625	315
210	638	343
211	538	287
212	580	315
213	676	348
214	510	291
215	592	318
216	472	261
217	464	257
218	556	336
219	450	291
220	494	306
221	501	309
222	491	312
223	589	368
224	471	288
225	504	297
226	466	334
227	454	271
228	457	262
229	519	304
230	439	258
231	451	244
232	499	299
233	479	269
234	543	309
235	470	305
236	451	253
237	492	273
238	483	294
239	501	279
240	530	262
241	496	288
242	497	264
243	480	257
244	495	258
245	579	319
246	522	229
247	533	312
248	509	274
249	505	256
250	581	295
251	557	296
252	491	253
253	567	307
254	553	238
255	481	206
256	608	346
257	580	243
258	546	257
259	513	251
260	501	227
261	586	297
262	516	247
263	561	226
264	527	274
265	462	233
266	563	278
267	581	230
268	505	217
269	559	275
270	533	236
271	520	199
272	577	218
273	502	249
274	584	253
275	459	238
276	548	261
277	600	243
278	494	198
279	566	241
280	490	240
281	471	225
282	546	245
283	500	245
284	484	216
285	510	236
286	509	223
287	573	236
288	503	222
289	507	228
290	534	227
291	516	234
292	490	190
293	569	260
294	460	208
295	445	207
296	512	260
297	467	173
298	526	252
299	499	247
300	425	210
301	453	230
302	549	240
303	505	224
304	464	200
305	495	204
306	476	233
307	411	207
308	442	194
309	518	230
310	443	179
311	419	205
312	448	205
313	410	198
314	493	239
315	401	223
316	420	200
317	433	223
318	414	225
319	357	168
320	468	222
321	405	181
322	390	199
323	375	199
324	367	184
325	379	243
326	389	171
327	374	191
328	364	194
329	360	218
330	444	213
331	345	190
332	324	201
333	354	184
334	395	203
335	380	176
336	351	185
337	337	194
338	360	208
339	323	170
340	347	206
341	348	203
342	329	178
343	371	205
344	326	179
345	305	162
346	369	197
347	309	159
348	328	186
349	338	176
350	338	171
351	391	243
352	304	160
353	308	172
354	329	213
355	295	168
356	303	163
357	337	200
358	261	174
359	265	167
360	308	192
361	280	150
362	339	187
363	315	197
364	260	156
365	316	186
366	315	204
367	261	172
368	276	170
369	281	181
370	320	166
371	274	147
372	271	145
373	320	167
374	264	151
375	310	178
376	286	178
377	250	176
378	303	193
379	261	136
380	280	162
381	293	174
382	253	165
383	310	181
384	264	129
385	259	133
386	273	155
387	288	177
388	230	140
389	296	164
390	243	168
391	262	150
392	234	154
393	284	143
394	304	176
395	243	142
396	229	141
397	237	155
398	259	162
399	278	150
400	272	145
401	252	154
402	280	185
403	217	148
404	267	159
405	256	181
406	233	147
407	294	194
408	239	130
409	246	123
410	310	163
411	268	138
412	293	155
413	312	157
414	277	155
415	352	138
416	287	138
417	293	144
418	333	146
419	267	137
420	288	132
421	361	154
422	287	140
423	287	106
424	321	152
425	268	119
426	364	145
427	332	138
428	320	146
429	364	129
430	350	151
431	397	156
432	338	105
433	333	113
434	391	120
435	371	106
436	372	119
437	442	134
438	397	122
439	399	118
440	392	110
441	410	96
442	453	153
443	421	108
444	412	119
445	473	130
446	446	130
447	494	111
448	462	109
449	479	107
450	488	112
451	468	105
452	490	113
453	535	136
454	464	110
455	507	109
456	529	130
457	444	102
458	580	98
459	524	118
460	492	97
461	547	116
462	584	112
463	537	123
464	571	105
465	560	103
466	617	131
467	483	95
468	582	108
469	708	130
470	567	102
471	665	103
472	591	104
473	562	105
474	681	105
475	550	90
476	637	100
477	625	127
478	692	102
479	827	126
480	577	82
481	659	102
482	713	93
483	631	107
484	608	84
485	772	134
486	662	76
487	662	78
488	708	106
489	589	90
490	810	83
491	710	110
492	633	97
493	671	114
494	691	92
495	675	102
496	622	86
497	676	93
498	668	100
499	673	83
500	678	109
501	681	116
502	611	94
503	743	91
504	718	81
505	677	68
506	707	91
507	666	90
508	645	80
509	713	79
510	680	91
511	543	86
512	888	118
513	626	95
514	715	90
515	589	101
516	592	75
517	761	100
518	623	68
519	680	80
520	618	79
521	628	82
522	741	99
523	654	86
524	647	91
525	696	92
526	721	90
527	702	81
528	652	77
529	708	103
530	705	82
531	638	70
532	736	72
533	813	69
534	676	79
535	809	85
536	738	76
537	682	62
538	886	87
539	760	72
540	818	79
541	890	80
542	880	84
543	1087	93
544	945	85
545	952	78
546	999	80
547	944	76
548	902	82
549	1105	101
550	958	68
551	975	72
552	1146	82
553	1049	64
554	1161	84
555	1054	90
556	1088	63
557	1141	79
558	1197	69
559	1266	95
560	1087	77
561	1227	85
562	1300	82
563	1118	62
564	1279	74
565	1421	90
566	1195	68
567	1300	74
568	1314	81
569	1219	65
570	1444	84
571	1316	54
572	1312	69
573	1349	75
574	1356	83
575	1339	76
576	1474	79
577	1307	75
578	1398	76
579	1277	69
580	1308	77
581	1524	70
582	1264	57
583	1393	74
584	1324	65
585	1201	67
586	1484	82
587	1312	65
588	1293	62
589	1364	64
590	1395	92
591	1223	70
592	1356	80
593	1223	70
594	1385	73
595	1169	51
596	1211	49
597	1376	78
598	1135	81
599	1299	61
600	1130	60
601	1128	71
602	1324	66
603	1107	57
604	1132	60
605	1159	64
606	1188	68
607	1281	95
608	994	64
609	1067	52
610	1108	71
611	1025	68
612	936	55
613	1084	53
614	934	50
615	877	61
616	969	68
617	868	57
618	1007	66
619	898	60
620	879	72
621	893	56
622	859	58
623	855	67
624	791	63
625	818	44
626	839	58
627	724	44
628	751	46
629	847	60
630	713	53
631	790	52
632	751	70
633	623	58
634	758	64
635	710	54
636	660	58
637	692	47
638	635	56
639	568	32
640	704	61
641	609	61
642	610	49
643	622	44
644	530	41
645	606	53
646	523	59
647	552	49
648	529	47
649	520	47
650	611	66
651	519	50
652	469	42
653	486	44
654	498	50
655	459	42
656	471	61
657	438	50
658	409	53
659	392	48
660	424	63
661	493	48
662	372	43
663	382	45
664	360	56
665	361	33
666	419	54
667	342	55
668	328	52
669	369	47
670	334	41
671	396	46
672	348	50
673	338	43
674	325	48
675	325	50
676	306	38
677	318	34
678	301	42
679	270	41
680	327	50
681	270	55
682	313	41
683	279	31
684	259	34
685	287	57
686	279	45
687	260	44
688	245	45
689	256	46
690	288	50
691	201	39
692	245	35
693	293	52
694	218	34
695	251	37
696	271	46
697	262	34
698	259	34
699	225	37
700	215	32
701	233	32
702	227	41
703	234	44
704	195	44
705	208	46
706	257	38
707	221	45
708	205	39
709	247	53
710	218	33
711	211	45
712	230	41
713	203	41
714	250	42
715	196	42
716	214	43
717	220	34
718	195	39
719	197	33
720	208	43
721	203	24
722	180	37
723	154	27
724	173	33
725	201	41
726	180	29
727	186	41
728	174	32
729	143	32
730	177	42
731	144	35
732	179	32
733	183	57
734	165	37
735	192	46
736	156	41
737	143	39
738	147	35
739	156	37
740	165	39
741	158	46
742	137	38
743	142	29
744	136	29
745	110	33
746	145	38
747	152	30
748	127	37
749	143	31
750	135	38
751	137	33
752	123	22
753	124	28
754	145	34
755	136	27
756	100	28
757	132	30
758	121	43
759	127	29
760	112	35
761	98	25
762	129	30
763	98	36
764	106	28
765	120	46
766	98	29
767	116	37
768	97	30
769	84	42
770	90	34
771	92	36
772	105	26
773	105	39
774	89	38
775	84	35
776	86	22
777	81	20
778	101	41
779	71	36
780	77	24
781	85	33
782	59	31
783	81	22
784	72	35
785	79	24
786	78	39
787	61	32
788	97	26
789	85	36
790	55	40
791	74	33
792	59	36
793	65	26
794	79	44
795	57	22
796	62	35
797	71	32
798	61	42
799	87	26
800	72	30
801	56	39
802	66	29
803	58	41
804	64	30
805	67	29
806	55	25
807	51	24
808	61	33
809	47	17
810	61	27
811	57	35
812	53	23
813	56	20
814	47	28
815	57	39
816	44	21
817	49	18
818	56	25
819	49	21
820	67	26
821	59	34
822	45	30
823	43	31
824	36	34
825	45	22
826	46	26
827	51	21
828	44	27
829	51	25
830	44	27
831	34	38
832	54	38
833	39	29
834	47	24
835	39	29
836	36	19
837	47	32
838	39	30
839	45	30
840	35	27
841	44	29
842	44	31
843	36	31
844	37	21
845	25	28
846	43	46
847	34	39
848	39	32
849	33	25
850	41	25
851	27	34
852	49	26
853	34	20
854	45	29
855	30	18
856	35	29
857	35	26
858	42	41
859	39	31
860	27	26
861	38	27
862	31	31
863	43	38
864	39	25
865	40	26
866	33	30
867	39	17
868	36	17
869	38	20
870	23	36
871	29	25
872	34	23
873	33	35
874	37	38
875	35	26
876	38	20
877	31	17
878	20	18
879	31	29
880	24	17
881	46	27
882	26	19
883	25	21
884	31	23
885	35	27
886	29	24
887	38	20
888	26	15
889	38	20
890	32	20
891	23	20
892	23	24
893	32	23
894	25	24
895	25	29
896	23	25
897	24	29
898	34	17
899	24	20
900	21	29
901	27	27
902	29	23
903	25	30
904	42	20
905	25	16
906	33	23
907	34	23
908	24	35
909	20	27
910	20	23
911	25	16
912	17	26
913	27	22
914	25	24
915	20	20
916	25	24
917	26	26
918	19	22
919	21	24
920	26	23
921	26	24
922	26	34
923	32	17
924	19	30
925	33	32
926	29	23
927	23	26
928	22	14
929	16	24
930	29	21
931	19	18
932	24	29
933	21	24
934	16	24
935	23	22
936	24	23
937	21	18
938	19	26
939	23	20
940	15	32
941	34	17
942	29	26
943	19	16
944	12	12
945	16	23
946	22	24
947	24	18
948	21	23
949	28	18
950	16	19
951	25	15
952	18	29
953	25	25
954	21	33
955	21	24
956	16	20
957	28	17
958	20	24
959	19	38
960	18	24
961	19	24
962	16	15
963	25	17
964	28	22
965	16	24
966	21	15
967	24	33
968	14	23
969	16	24
970	18	26
971	12	28
972	24	17
973	18	23
974	24	33
975	20	21
976	20	20
977	22	24
978	18	27
979	22	18
980	14	18
981	20	30
982	20	19
983	23	20
984	18	17
985	13	24
986	26	21
987	19	17
988	26	19
989	21	21
990	19	28
991	25	30
992	13	17
993	16	27
994	19	27
995	20	24
996	20	14
997	22	21
998	18	24
999	18	17
1000	20	24
1001	12	28
1002	31	20
1003	15	30
1004	18	24
1005	16	20
1006	18	21
1007	19	28
1008	14	18
1009	18	16
1010	14	22
1011	9	29
1012	13	21
1013	21	19
1014	17	18
1015	18	22
1016	13	24
1017	14	23
1018	17	24
1019	18	20
1020	16	20
1021	17	22
1022	20	20
1023	10	6
1024	20	27
1025	16	23
1026	20	22
1027	14	27
1028	11	13
1029	12	25
1030	13	22
1031	20	27
1032	27	18
1033	16	24
1034	16	31
1035	16	29
1036	19	24
1037	13	20
1038	21	21
1039	20	15
1040	14	24
1041	24	27
1042	12	20
1043	19	22
1044	14	14
1045	17	30
1046	15	17
1047	18	22
1048	14	16
1049	18	26
1050	17	12
1051	13	23
1052	12	26
1053	15	25
1054	11	18
1055	20	20
1056	17	27
1057	23	26
1058	9	20
1059	22	15
1060	14	19
1061	12	28
1062	14	20
1063	15	24
1064	25	16
1065	9	18
1066	19	17
1067	13	23
1068	20	13
1069	10	20
1070	13	28
1071	18	23
1072	19	13
1073	17	26
1074	16	21
1075	8	21
1076	12	30
1077	12	26
1078	21	23
1079	10	20
1080	10	12
1081	13	23
1082	10	25
1083	14	20
1084	10	15
1085	11	24
1086	10	24
1087	16	23
1088	19	21
1089	13	27
1090	12	24
1091	16	18
1092	15	21
1093	13	26
1094	21	26
1095	15	16
1096	16	11
1097	11	18
1098	18	18
1099	10	17
1100	14	15
1101	11	13
1102	18	15
1103	17	18
1104	19	17
1105	18	15
1106	8	20
1107	14	21
1108	11	25
1109	9	21
1110	14	21
1111	13	20
1112	15	15
1113	14	17
1114	11	16
1115	13	23
1116	13	20
1117	12	20
1118	8	22
1119	23	24
1120	15	21
1121	13	22
1122	15	20
1123	17	22
1124	13	24
1125	18	22
1126	9	22
1127	8	15
1128	12	11
1129	16	15
1130	18	24
1131	13	21
1132	15	17
1133	13	17
1134	15	30
1135	6	22
1136	10	9
1137	17	19
1138	14	12
1139	11	22
1140	5	26
1141	17	17
1142	8	16
1143	8	18
1144	11	15
1145	10	23
1146	12	26
1147	16	24
1148	11	13
1149	15	13
1150	10	22
1151	12	12
1152	10	13
1153	13	16
1154	10	22
1155	9	12
1156	15	17
1157	12	17
1158	13	15
1159	13	18
1160	13	19
1161	5	13
1162	12	24
1163	11	19
1164	9	16
1165	16	21
1166	8	14
1167	5	12
1168	10	19
1169	7	16
1170	14	14
1171	10	12
1172	10	14
1173	18	18
1174	11	20
1175	5	12
1176	10	17
1177	8	18
1178	9	19
1179	6	13
1180	9	16
1181	11	19
1182	6	8
1183	11	19
1184	9	24
1185	9	14
1186	15	21
1187	6	11
1188	11	13
1189	11	8
1190	8	10
1191	7	14
1192	11	21
1193	5	10
1194	10	16
1195	7	13
1196	7	11
1197	16	17
1198	4	20
1199	8	18
1200	11	14
1201	15	13
1202	9	19
1203	6	15
1204	9	13
1205	12	20
1206	9	10
1207	6	15
1208	7	18
1209	10	8
1210	9	16
1211	10	9
1212	8	14
1213	6	12
1214	1	16
1215	7	22
1216	4	14
1217	6	12
1218	12	9
1219	7	10
1220	8	14
1221	10	15
1222	8	11
1223	5	14
1224	8	18
1225	4	12
1226	8	16
1227	11	7
1228	8	12
1229	14	13
1230	7	17
1231	6	10
1232	7	11
1233	6	9
1234	5	17
1235	4	14
1236	3	17
1237	7	14
1238	5	12
1239	10	15
1240	9	9
1241	11	9
1242	4	12
1243	7	8
1244	5	11
1245	10	8
1246	4	10
1247	4	23
1248	5	12
1249	10	16
1250	10	9
1251	7	11
1252	2	11
1253	8	15
1254	5	14
1255	1	8
1256	4	9
1257	6	13
1258	6	15
1259	8	17
1260	6	14
1261	4	16
1262	5	14
1263	8	11
1264	2	10
1265	6	13
1266	2	11
1267	9	9
1268	1	17
1269	8	16
1270	8	13
1271	5	7
1272	2	11
1273	5	16
1274	7	10
1275	4	13
1276	7	15
1277	4	15
1278	8	5
1279	6	11
1280	4	11
1281	3	21
1282	4	15
1283	5	15
1284	5	13
1285	4	21
1286	3	12
1287	8	12
1288	2	13
1289	0	12
1290	5	7
1291	2	13
1292	4	6
1293	4	16
1294	4	6
1295	3	16
1296	4	18
1297	4	15
1298	4	13
1299	5	11
1300	7	11
1301	3	9
1302	2	10
1303	2	8
1304	3	14
1305	2	12
1306	4	12
1307	4	11
1308	1	9
1309	2	11
1310	2	13
1311	3	15
1312	2	12
1313	2	10
1314	6	11
1315	5	14
1316	5	10
1317	6	12
1318	5	11
1319	4	16
1320	1	14
1321	3	12
1322	5	11
1323	2	8
1324	8	6
1325	5	11
1326	1	14
1327	0	12
1328	5	17
1329	4	11
1330	4	12
1331	6	9
1332	4	12
1333	5	11
1334	8	12
1335	2	11
1336	2	4
1337	0	14
1338	4	8
1339	4	11
1340	3	14
1341	4	11
1342	4	12
1343	8	7
1344	2	14
1345	2	11
1346	1	14
1347	1	16
1348	5	6
1349	3	16
1350	5	9
1351	6	12
1352	5	13
1353	0	12
1354	1	12
1355	2	12
1356	3	8
1357	2	7
1358	0	11
1359	5	8
1360	3	14
1361	1	9
1362	2	13
1363	1	9
1364	4	9
1365	6	12
1366	2	10
1367	4	13
1368	2	17
1369	4	12
1370	7	13
1371	3	15
1372	4	12
1373	2	14
1374	1	8
1375	5	8
1376	2	11
1377	3	8
1378	2	7
1379	2	13
1380	0	11
1381	3	8
1382	3	10
1383	3	9
1384	4	8
1385	5	10
1386	0	11
1387	1	10
1388	2	13
1389	2	5
1390	1	11
1391	3	10
1392	2	20
1393	1	6
1394	5	11
1395	3	10
1396	2	8
1397	3	12
1398	6	8
1399	1	5
1400	1	9
1401	0	9
1402	2	11
1403	3	8
1404	4	11
1405	1	8
1406	3	8
1407	1	13
1408	2	6
1409	1	16
1410	4	5
1411	4	9
1412	1	5
1413	1	17
1414	3	5
1415	3	14
1416	2	14
1417	2	12
1418	1	11
1419	3	10
1420	1	6
1421	6	10
1422	2	9
1423	2	8
1424	2	11
1425	2	14
1426	0	8
1427	2	13
1428	5	11
1429	4	4
1430	3	5
1431	1	14
1432	4	12
1433	1	9
1434	2	10
1435	1	9
1436	4	14
1437	2	11
1438	4	10
1439	1	6
1440	1	6
1441	2	14
1442	0	16
1443	0	10
1444	2	9
1445	0	9
1446	2	5
1447	1	6
1448	0	13
1449	2	10
1450	2	6
1451	2	7
1452	2	7
1453	3	6
1454	4	11
1455	4	6
1456	1	14
1457	2	10
1458	3	17
1459	1	7
1460	2	7
1461	0	8
1462	3	6
1463	1	6
1464	2	8
1465	0	11
1466	1	13
1467	0	9
1468	1	10
1469	3	10
1470	1	16
1471	3	6
1472	2	5
1473	2	7
1474	0	11
1475	3	6
1476	1	10
1477	3	5
1478	1	13
1479	0	5
1480	2	6
1481	7	14
1482	1	9
1483	1	6
1484	0	8
1485	3	10
1486	1	9
1487	1	12
1488	1	9
1489	3	6
1490	3	8
1491	0	15
1492	0	16
1493	1	14
1494	1	12
1495	2	9
1496	2	9
1497	4	9
1498	0	14
1499	1	8
1500	0	16
1501	2	12
1502	0	16
1503	2	11
1504	1	5
1505	3	8
1506	1	3
1507	0	11
1508	2	8
1509	1	10
1510	3	6
1511	1	13
1512	1	14
1513	0	8
1514	3	15
1515	2	13
1516	2	7
1517	0	10
1518	3	6
1519	1	13
1520	5	11
1521	1	8
1522	2	7
1523	2	10
1524	2	18
1525	0	10
1526	3	11
1527	2	8
1528	2	11
1529	0	9
1530	0	9
1531	3	15
1532	4	11
1533	1	7
1534	0	9
1535	1	13
1536	1	14
1537	1	10
1538	1	8
1539	2	8
1540	0	4
1541	1	9
1542	2	4
1543	1	8
1544	0	8
1545	1	11
1546	2	14
1547	3	3
1548	0	14
1549	2	8
1550	3	10
1551	1	9
1552	0	6
1553	2	9
1554	0	9
1555	2	5
1556	0	12
1557	1	9
1558	0	9
1559	1	12
1560	2	10
1561	0	7
1562	1	12
1563	0	6
1564	4	7
1565	1	7
1566	4	11
1567	3	15
1568	2	10
1569	1	4
1570	1	9
1571	1	11
1572	1	9
1573	4	13
1574	2	11
1575	1	13
1576	1	9
1577	0	6
1578	1	8
1579	1	11
1580	1	8
1581	2	10
1582	2	11
1583	2	6
1584	0	5
1585	4	6
1586	1	14
1587	2	4
1588	1	6
1589	2	6
1590	0	10
1591	3	11
1592	0	10
1593	3	6
1594	1	7
1595	1	6
1596	2	10
1597	3	12
1598	2	7
1599	0	7
1600	1	8
1601	0	4
1602	2	12
1603	4	3
1604	1	6
1605	3	11
1606	1	11
1607	4	7
1608	1	7
1609	0	9
1610	1	7
1611	1	2
1612	5	7
1613	2	12
1614	1	8
1615	2	3
1616	2	12
1617	0	4
1618	2	7
1619	1	4
1620	1	8
1621	2	8
1622	3	6
1623	2	4
1624	5	8
1625	2	10
1626	3	5
1627	2	2
1628	3	8
1629	1	4
1630	0	8
1631	2	6
1632	1	5
1633	1	8
1634	4	17
1635	2	7
1636	0	5
1637	0	12
1638	0	4
1639	0	8
1640	0	5
1641	1	1
1642	2	3
1643	0	6
1644	3	8
1645	1	9
1646	1	5
1647	0	9
1648	0	6
1649	2	4
1650	2	8
1651	3	9
1652	2	7
1653	0	7
1654	0	7
1655	2	9
1656	2	10
1657	2	4
1658	0	9
1659	0	3
1660	0	8
1661	1	6
1662	1	6
1663	3	9
1664	2	6
1665	1	5
1666	2	8
1667	3	4
1668	2	8
1669	1	12
1670	1	4
1671	1	7
1672	0	7
1673	0	7
1674	2	3
1675	1	6
1676	0	7
1677	0	6
1678	0	9
1679	3	7
1680	1	7
1681	0	8
1682	0	11
1683	1	7
1684	0	10
1685	0	6
1686	0	6
1687	1	6
1688	0	5
1689	0	9
1690	0	7
1691	2	5
1692	1	5
1693	0	8
1694	2	7
1695	3	8
1696	2	5
1697	1	13
1698	1	7
1699	0	6
1700	0	5
1701	2	9
1702	0	7
1703	2	8
1704	3	8
1705	3	6
1706	1	7
1707	1	5
1708	3	6
1709	2	6
1710	2	5
1711	3	7
1712	0	4
1713	0	6
1714	3	6
1715	0	4
1716	1	6
1717	1	12
1718	0	5
1719	3	7
1720	0	12
1721	2	8
1722	1	4
1723	1	3
1724	2	3
1725	1	6
1726	2	9
1727	1	6
1728	1	4
1729	1	7
1730	1	4
1731	1	4
1732	1	5
1733	1	8
1734	1	6
1735	2	3
1736	0	4
1737	0	6
1738	1	7
1739	2	5
1740	1	8
1741	0	9
1742	2	5
1743	1	3
1744	0	4
1745	0	9
1746	3	7
1747	0	5
1748	0	6
1749	0	6
1750	1	7
1751	0	4
1752	3	4
1753	2	9
1754	1	7
1755	0	8
1756	0	10
1757	1	6
1758	3	8
1759	0	5
1760	2	9
1761	3	6
1762	1	5
1763	2	3
1764	0	6
1765	0	11
1766	0	9
1767	1	6
1768	3	6
1769	2	4
1770	1	8
1771	1	7
1772	1	10
1773	1	4
1774	2	10
1775	1	10
1776	1	5
1777	1	4
1778	0	5
1779	0	6
1780	0	13
1781	1	10
1782	1	9
1783	1	7
1784	2	4
1785	2	6
1786	1	6
1787	1	6
1788	2	8
1789	2	5
1790	3	5
1791	1	7
1792	0	18
1793	1	15
1794	2	9
1795	1	5
1796	0	10
1797	1	11
1798	3	9
1799	1	5
1800	3	4
1801	0	12
1802	0	12
1803	0	7
1804	2	9
1805	0	6
1806	1	8
1807	0	5
1808	2	7
1809	1	5
1810	0	7
1811	3	6
1812	0	6
1813	0	6
1814	1	3
1815	0	9
1816	1	13
1817	1	6
1818	2	6
1819	0	8
1820	0	4
1821	1	5
1822	1	7
1823	1	6
1824	1	7
1825	1	8
1826	1	4
1827	1	10
1828	0	8
1829	0	5
1830	3	3
1831	1	2
1832	1	8
1833	2	5
1834	1	6
1835	0	7
1836	1	3
1837	1	6
1838	0	6
1839	1	4
1840	1	6
1841	1	8
1842	2	6
1843	1	8
1844	0	8
1845	2	7
1846	0	9
1847	0	8
1848	2	2
1849	3	9
1850	0	8
1851	0	2
1852	2	8
1853	1	7
1854	2	6
1855	1	5
1856	0	5
1857	0	4
1858	1	10
1859	0	5
1860	1	9
1861	3	3
1862	0	4
1863	0	6
1864	1	6
1865	1	8
1866	1	2
1867	2	3
1868	1	6
1869	1	6
1870	2	8
1871	0	8
1872	1	6
1873	2	4
1874	1	5
1875	0	7
1876	3	10
1877	0	5
1878	1	2
1879	0	8
1880	0	4
1881	0	6
1882	0	8
1883	2	7
1884	0	5
1885	1	8
1886	1	8
1887	2	8
1888	1	6
1889	0	6
1890	2	8
1891	1	5
1892	2	5
1893	1	7
1894	0	8
1895	1	6
1896	0	3
1897	1	3
1898	2	7
1899	3	3
1900	1	8
1901	1	9
1902	0	3
1903	1	8
1904	0	5
1905	0	3
1906	0	8
1907	0	11
1908	0	6
1909	0	8
1910	0	5
1911	0	2
1912	2	5
1913	1	7
1914	2	8
1915	1	3
1916	0	7
1917	0	5
1918	0	6
1919	1	5
1920	0	6
1921	1	5
1922	0	12
1923	0	4
1924	0	3
1925	2	4
1926	0	5
1927	2	6
1928	0	2
1929	0	10
1930	0	11
1931	2	4
1932	0	6
1933	0	8
1934	2	8
1935	3	2
1936	1	1
1937	1	6
1938	1	8
1939	0	3
1940	0	5
1941	1	3
1942	0	6
1943	1	2
1944	1	6
1945	0	11
1946	0	7
1947	0	3
1948	1	7
1949	0	8
1950	0	7
1951	2	11
1952	1	7
1953	1	7
1954	1	7
1955	2	7
1956	1	2
1957	0	6
1958	0	3
1959	0	5
1960	1	7
1961	1	4
1962	1	7
1963	1	9
1964	1	2
1965	0	4
1966	0	4
1967	0	7
1968	0	8
1969	1	4
1970	0	4
1971	0	7
1972	2	7
1973	1	3
1974	0	3
1975	1	2
1976	2	4
1977	0	12
1978	0	3
1979	0	4
1980	0	6
1981	1	3
1982	1	3
1983	0	3
1984	2	4
1985	1	9
1986	0	1
1987	2	2
1988	1	3
1989	1	4
1990	1	3
1991	0	4
1992	2	5
1993	2	6
1994	0	6
1995	0	3
1996	0	1
1997	1	2
1998	0	3
1999	2	8
2000	0	1
2001	0	2
2002	0	3
2003	0	4
2004	1	5
2005	3	6
2006	0	3
2007	0	3
2008	1	4
2009	0	5
2010	1	7
2011	0	2
2012	1	4
2013	1	6
2014	1	4
2015	1	5
2016	1	6
2017	1	6
2018	1	5
2019	0	4
2020	0	1
2021	1	3
2022	2	0
2023	1	5
2024	0	6
2025	0	6
2026	2	5
2027	0	7
2028	0	4
2029	0	5
2030	1	5
2031	1	8
2032	1	2
2033	0	6
2034	1	5
2035	0	7
2036	0	4
2037	0	8
2038	1	5
2039	0	6
2040	1	3
2041	0	4
2042	2	6
2043	0	2
2044	1	4
2045	0	5
2046	0	3
2047	4	1
2048	0	3
2049	2	7
2050	1	8
2051	1	2
2052	0	4
2053	0	3
2054	1	4
2055	1	3
2056	1	4
2057	0	0
2058	0	4
2059	1	5
2060	0	3
2061	2	6
2062	1	8
2063	1	2
2064	0	2
2065	0	3
2066	0	6
2067	0	3
2068	1	6
2069	0	4
2070	1	6
2071	0	6
2072	0	5
2073	0	4
2074	3	7
2075	0	5
2076	0	4
2077	0	5
2078	1	3
2079	0	5
2080	0	3
2081	2	2
2082	1	7
2083	1	2
2084	0	5
2085	1	5
2086	2	2
2087	0	9
2088	0	3
2089	1	6
2090	1	3
2091	0	3
2092	0	7
2093	0	5
2094	0	4
2095	0	5
2096	0	3
2097	3	9
2098	1	4
2099	0	8
2100	0	4
2101	1	3
2102	0	7
2103	0	2
2104	2	4
2105	2	2
2106	0	1
2107	1	7
2108	0	2
2109	1	3
2110	1	3
2111	0	3
2112	1	11
2113	0	4
2114	2	5
2115	1	1
2116	0	3
2117	2	4
2118	1	5
2119	0	8
2120	2	2
2121	0	3
2122	1	3
2123	0	4
2124	1	7
2125	0	5
2126	0	2
2127	1	8
2128	0	4
2129	2	3
2130	1	5
2131	0	3
2132	1	5
2133	1	2
2134	0	7
2135	1	5
2136	1	4
2137	2	4
2138	2	2
2139	0	5
2140	0	1
2141	0	3
2142	2	3
2143	4	1
2144	1	1
2145	1	3
2146	1	3
2147	0	2
2148	2	0
2149	0	5
2150	0	2
2151	1	6
2152	0	7
2153	1	5
2154	0	8
2155	1	8
2156	2	4
2157	0	2
2158	2	6
2159	0	0
2160	1	1
2161	2	5
2162	1	1
2163	0	5
2164	1	2
2165	2	6
2166	1	3
2167	0	5
2168	1	5
2169	0	6
2170	0	3
2171	1	5
2172	0	2
2173	2	5
2174	0	3
2175	0	8
2176	1	4
2177	0	4
2178	1	4
2179	2	3
2180	1	5
2181	0	3
2182	1	9
2183	0	3
2184	0	2
2185	0	6
2186	1	6
2187	2	9
2188	1	5
2189	0	2
2190	0	6
2191	0	4
2192	1	4
2193	0	5
2194	1	4
2195	0	5
2196	0	2
2197	0	5
2198	2	3
2199	2	3
2200	0	6
2201	0	6
2202	1	2
2203	0	5
2204	1	5
2205	0	4
2206	2	5
2207	0	6
2208	0	5
2209	1	6
2210	0	6
2211	1	3
2212	0	7
2213	1	2
2214	1	5
2215	1	7
2216	1	2
2217	1	0
2218	1	2
2219	0	9
2220	1	1
2221	0	8
2222	1	2
2223	0	1
2224	0	6
2225	0	6
2226	1	2
2227	0	4
2228	0	12
2229	0	7
2230	0	6
2231	0	5
2232	2	3
2233	0	5
2234	2	5
2235	0	5
2236	0	1
2237	0	5
2238	2	3
2239	1	6
2240	2	3
2241	2	5
2242	0	6
2243	2	4
2244	2	1
2245	0	4
2246	0	4
2247	1	2
2248	0	7
2249	1	5
2250	1	2
2251	0	5
2252	2	5
2253	1	6
2254	1	6
2255	1	4
2256	0	8
2257	1	5
2258	2	2
2259	0	9
2260	1	3
2261	0	7
2262	0	5
2263	1	7
2264	0	8
2265	1	5
2266	0	5
2267	1	5
2268	1	6
2269	0	9
2270	0	10
2271	0	5
2272	1	5
2273	0	7
2274	1	2
2275	1	3
2276	1	7
2277	0	8
2278	0	6
2279	0	4
2280	0	6
2281	0	4
2282	1	5
2283	0	5
2284	1	3
2285	1	7
2286	2	5
2287	0	2
2288	0	4
2289	0	4
2290	1	6
2291	1	4
2292	0	6
2293	1	6
2294	1	6
2295	0	1
2296	0	2
2297	1	3
2298	1	6
2299	1	5
2300	3	2
2301	0	7
2302	0	9
2303	1	5
2304	1	3
2305	0	8
2306	0	3
2307	0	3
2308	0	4
2309	1	1
2310	0	6
2311	1	4
2312	0	7
2313	2	8
2314	0	3
2315	0	6
2316	0	4
2317	2	3
2318	0	2
2319	0	7
2320	2	7
2321	0	4
2322	0	3
2323	0	2
2324	0	2
2325	0	5
2326	0	7
2327	0	7
2328	0	5
2329	0	4
2330	0	5
2331	0	5
2332	2	6
2333	1	7
2334	1	3
2335	0	2
2336	0	4
2337	0	4
2338	2	5
2339	0	12
2340	1	3
2341	0	3
2342	0	3
2343	2	6
2344	1	4
2345	0	4
2346	0	1
2347	0	3
2348	1	6
2349	0	3
2350	1	4
2351	1	4
2352	1	6
2353	1	3
2354	0	4
2355	0	5
2356	1	4
2357	0	5
2358	0	1
2359	2	3
2360	0	2
2361	0	4
2362	1	5
2363	0	4
2364	0	3
2365	0	7
2366	0	4
2367	1	3
2368	0	3
2369	1	3
2370	0	3
2371	0	0
2372	1	3
2373	0	9
2374	0	6
2375	0	2
2376	0	5
2377	0	4
2378	0	4
2379	0	7
2380	1	3
2381	0	4
2382	2	3
2383	0	6
2384	1	6
2385	0	1
2386	0	2
2387	0	5
2388	0	4
2389	0	6
2390	0	3
2391	1	6
2392	0	4
2393	0	5
2394	1	3
2395	0	2
2396	0	4
2397	0	4
2398	0	2
2399	1	2
2400	0	3
2401	2	3
2402	0	2
2403	0	1
2404	0	5
2405	0	3
2406	1	4
2407	1	0
2408	0	3
2409	0	2
2410	0	4
2411	0	5
2412	0	6
2413	1	2
2414	1	4
2415	0	2
2416	0	3
2417	0	7
2418	2	3
2419	0	2
2420	0	1
2421	0	4
2422	0	3
2423	1	1
2424	0	2
2425	0	5
2426	1	6
2427	0	1
2428	0	5
2429	0	5
2430	1	1
2431	0	3
2432	0	2
2433	0	1
2434	1	1
2435	0	2
2436	0	4
2437	0	1
2438	0	4
2439	1	2
2440	0	5
2441	1	1
2442	0	1
2443	2	3
2444	0	1
2445	0	6
2446	0	5
2447	0	2
2448	1	3
2449	2	3
2450	0	5
2451	0	1
2452	0	4
2453	3	6
2454	0	2
2455	2	0
2456	1	3
2457	0	3
2458	1	5
2459	0	4
2460	1	3
2461	1	2
2462	1	2
2463	0	1
2464	0	3
2465	0	2
2466	0	4
2467	0	1
2468	0	2
2469	0	8
2470	0	0
2471	1	5
2472	0	6
2473	0	3
2474	0	1
2475	0	1
2476	0	2
2477	0	3
2478	0	2
2479	1	1
2480	1	2
2481	0	6
2482	0	4
2483	0	3
2484	1	2
2485	0	2
2486	0	0
2487	0	4
2488	0	2
2489	0	1
2490	1	3
2491	0	0
2492	0	0
2493	0	7
2494	0	0
2495	0	1
2496	1	1
2497	0	2
2498	0	5
2499	2	1
2500	0	2
2501	1	4
2502	0	3
2503	0	1
2504	1	1
2505	0	0
2506	0	1
2507	0	1
2508	0	2
2509	0	4
2510	0	4
2511	1	1
2512	0	2
2513	0	4
2514	0	0
2515	1	5
2516	0	3
2517	0	5
2518	0	2
2519	0	1
2520	0	3
2521	0	2
2522	0	3
2523	0	2
2524	0	5
2525	1	3
2526	0	2
2527	0	3
2528	0	1
2529	0	2
2530	0	3
2531	0	1
2532	0	2
2533	0	2
2534	0	3
2535	1	2
2536	0	4
2537	0	3
2538	0	5
2539	0	1
2540	0	5
2541	0	5
2542	0	2
2543	1	1
2544	1	1
2545	0	2
2546	0	1
2547	0	2
2548	0	2
2549	1	1
2550	0	6
2551	0	1
2552	1	5
2553	0	3
2554	0	2
2555	1	2
2556	0	1
2557	0	3
2558	0	4
2559	0	4
2560	0	2
2561	0	3
2562	0	1
2563	1	1
2564	0	1
2565	0	2
2566	0	2
2567	0	5
2568	1	2
2569	0	2
2570	0	1
2571	0	2
2572	0	3
2573	0	2
2574	1	3
2575	1	3
2576	1	2
2577	0	4
2578	0	3
2579	0	0
2580	0	3
2581	0	6
2582	0	4
2583	0	1
2584	2	3
2585	1	4
2586	0	0
2587	0	1
2588	0	3
2589	0	3
2590	0	2
2591	0	2
2592	0	2
2593	0	0
2594	0	5
2595	0	3
2596	1	1
2597	0	2
2598	1	1
2599	0	3
2600	0	3
2601	0	2
2602	0	1
2603	0	3
2604	0	0
2605	0	1
2606	0	4
2607	0	0
2608	0	1
2609	0	0
2610	0	3
2611	0	2
2612	0	2
2613	0	3
2614	0	3
2615	0	1
2616	1	1
2617	1	2
2618	0	1
2619	0	1
2620	0	2
2621	0	3
2622	1	2
2623	0	1
2624	0	2
2625	0	1
2626	0	2
2627	0	3
2628	0	1
2629	0	3
2630	0	5
2631	0	0
2632	0	1
2633	0	2
2634	0	1
2635	0	2
2636	0	0
2637	0	1
2638	0	2
2639	0	3
2640	1	1
2641	0	4
2642	0	4
2643	0	3
2644	0	1
2645	0	4
2646	0	7
2647	0	3
2648	0	4
2649	0	1
2650	0	4
2651	0	0
2652	0	2
2653	1	2
2654	0	1
2655	0	3
2656	0	2
2657	0	2
2658	1	2
2659	0	3
2660	1	1
2661	0	1
2662	2	0
2663	0	2
2664	0	1
2665	0	1
2666	0	3
2667	0	1
2668	1	1
2669	1	0
2670	0	1
2671	0	0
2672	0	1
2673	0	1
2674	0	2
2675	0	2
2676	0	2
2677	0	3
2678	0	0
2679	0	1
2680	0	2
2681	0	5
2682	0	0
2683	0	2
2684	1	0
2685	1	2
2686	0	3
2687	0	0
2688	0	2
2689	0	0
2690	0	6
2691	0	2
2692	0	5
2693	0	2
2694	0	4
2695	0	3
2696	0	0
2697	1	1
2698	0	0
2699	0	0
2700	0	3
2701	0	3
2702	0	0
2703	0	2
2704	0	2
2705	0	2
2706	0	1
2707	0	2
2708	0	1
2709	0	1
2710	0	1
2711	0	0
2712	0	0
2713	0	1
2714	0	3
2715	0	1
2716	0	1
2717	0	5
2718	0	1
2719	0	1
2720	0	1
2721	0	2
2722	0	0
2723	1	1
2724	0	3
2725	2	0
2726	0	4
2727	0	1
2728	0	3
2729	0	0
2730	0	3
2731	0	1
2732	0	2
2733	0	1
2734	0	3
2735	0	2
2736	0	1
2737	0	1
2738	0	5
2739	0	2
2740	1	1
2741	1	1
2742	0	1
2743	0	1
2744	0	4
2745	0	1
2746	0	2
2747	0	0
2748	1	1
2749	2	0
2750	0	2
2751	0	3
2752	0	4
2753	1	2
2754	0	2
2755	0	2
2756	1	0
2757	0	4
2758	0	1
2759	0	2
2760	0	1
2761	0	3
2762	0	1
2763	0	1
2764	0	3
2765	0	1
2766	0	2
2767	0	0
2768	0	1
2769	2	1
2770	0	3
2771	0	1
2772	0	2
2773	1	4
2774	0	1
2775	0	3
2776	0	1
2777	0	0
2778	0	2
2779	0	0
2780	0	0
2781	0	3
2782	0	1
2783	0	2
2784	0	1
2785	1	2
2786	0	0
2787	0	2
2788	1	2
2789	0	0
2790	0	1
2791	0	2
2792	0	2
2793	0	0
2794	2	1
2795	1	1
2796	0	0
2797	1	2
2798	0	1
2799	0	0
2800	0	0
2801	2	1
2802	0	6
2803	0	4
2804	2	0
2805	0	2
2806	0	1
2807	0	2
2808	0	1
2809	0	1
2810	0	1
2811	0	0
2812	0	0
2813	0	1
2814	0	0
2815	0	2
2816	0	2
2817	0	2
2818	0	0
2819	0	2
2820	0	0
2821	0	1
2822	1	0
2823	0	2
2824	0	1
2825	0	2
2826	0	1
2827	0	2
2828	1	2
2829	0	1
2830	0	4
2831	0	2
2832	0	2
2833	2	1
2834	0	0
2835	0	2
2836	0	1
2837	0	0
2838	0	0
2839	0	1
2840	0	1
2841	0	3
2842	0	1
2843	0	1
2844	0	0
2845	0	0
2846	0	0
2847	1	0
2848	0	4
2849	0	3
2850	0	3
2851	0	1
2852	0	3
2853	0	1
2854	0	0
2855	0	0
2856	0	1
2857	2	0
2858	0	0
2859	0	0
2860	0	2
2861	0	1
2862	0	0
2863	0	1
2864	0	0
2865	0	1
2866	0	1
2867	0	1
2868	0	1
2869	0	2
2870	0	0
2871	0	2
2872	0	1
2873	2	3
2874	1	1
2875	1	1
2876	0	0
2877	2	1
2878	2	1
2879	0	0
2880	1	0
2881	0	2
2882	2	0
2883	0	1
2884	0	1
2885	0	1
2886	0	0
2887	0	0
2888	0	3
2889	0	1
2890	0	0
2891	0	1
2892	0	1
2893	0	1
2894	0	0
2895	1	1
2896	0	2
2897	0	1
2898	1	0
2899	0	1
2900	1	0
2901	0	1
2902	0	1
2903	1	0
2904	0	1
2905	0	0
2906	0	2
2907	0	0
2908	0	0
2909	0	1
2910	0	0
2911	0	0
2912	0	2
2913	0	2
2914	0	1
2915	0	1
2916	0	3
2917	0	2
2918	0	2
2919	0	0
2920	0	1
2921	0	0
2922	1	1
2923	1	0
2924	0	1
2925	0	1
2926	0	2
2927	0	1
2928	0	1
2929	0	1
2930	0	1
2931	2	0
2932	0	1
2933	0	1
2934	0	0
2935	1	0
2936	0	1
2937	0	0
2938	0	3
2939	0	1
2940	0	0
2941	0	2
2942	0	3
2943	0	0
2944	0	2
2945	0	0
2946	0	0
2947	0	0
2948	1	0
2949	1	1
2950	0	0
2951	1	2
2952	0	2
2953	0	3
2954	1	3
2955	0	0
2956	0	1
2957	0	0
2958	0	0
2959	0	1
2960	1	2
2961	0	1
2962	0	0
2963	0	1
2964	0	1
2965	0	0
2966	1	0
2967	0	0
2968	0	0
2969	0	0
2970	0	3
2971	0	3
2972	1	1
2973	1	0
2974	0	3
2975	0	2
2976	0	2
2977	1	3
2978	0	3
2979	0	2
2980	0	0
2981	0	0
2982	0	0
2983	0	1
2984	1	0
2985	0	2
2986	1	2
2987	0	1
2988	0	0
2989	0	3
2990	0	3
2991	0	0
2992	0	1
2993	0	1
2994	0	0
2995	0	2
2996	1	0
2997	0	2
2998	0	0
2999	0	2
3000	0	0
3001	0	3
3002	0	0
3003	0	1
3004	0	0
3005	0	1
3006	1	0
3007	0	0
3008	1	1
3009	1	0
3010	0	0
3011	0	2
3012	0	2
3013	0	4
3014	0	0
3015	0	1
3016	0	2
3017	0	2
3018	0	1
3019	1	1
3020	0	2
3021	0	2
3022	0	1
3023	0	0
3024	0	2
3025	0	0
3026	0	0
3027	0	1
3028	0	0
3029	0	2
3030	0	0
3031	0	4
3032	0	0
3033	0	1
3034	0	1
3035	0	2
3036	0	0
3037	0	1
3038	0	0
3039	0	1
3040	0	0
3041	0	1
3042	0	2
3043	0	0
3044	0	0
3045	0	1
3046	0	0
3047	0	1
3048	1	1
3049	0	1
3050	0	0
3051	0	2
3052	0	1
3053	0	1
3054	0	0
3055	0	1
3056	0	0
3057	0	2
3058	0	0
3059	0	1
3060	0	0
3061	0	0
3062	0	3
3063	0	1
3064	0	1
3065	0	2
3066	0	1
3067	1	1
3068	0	1
3069	0	3
3070	0	2
3071	0	2
3072	0	2
3073	0	2
3074	1	0
3075	0	1
3076	1	2
3077	0	1
3078	1	1
3079	0	2
3080	0	2
3081	0	1
3082	0	1
3083	0	1
3084	1	1
3085	1	2
3086	0	0
3087	0	0
3088	0	4
3089	0	1
3090	0	1
3091	0	4
3092	0	1
3093	0	2
3094	0	3
3095	1	1
3096	1	1
3097	0	0
3098	0	0
3099	0	1
3100	0	0
3101	0	2
3102	0	2
3103	0	1
3104	0	1
3105	0	0
3106	0	0
3107	0	0
3108	0	0
3109	0	0
3110	0	1
3111	0	1
3112	0	1
3113	0	2
3114	0	1
3115	0	0
3116	0	1
3117	0	0
3118	0	2
3119	1	1
3120	0	2
3121	0	2
3122	0	3
3123	0	0
3124	0	0
3125	1	3
3126	2	1
3127	0	2
3128	0	1
3129	0	1
3130	0	1
3131	0	0
3132	0	1
3133	0	2
3134	0	0
3135	0	1
3136	0	0
3137	0	2
3138	0	0
3139	1	1
3140	0	0
3141	0	0
3142	0	1
3143	0	1
3144	0	0
3145	0	1
3146	0	1
3147	0	0
3148	0	1
3149	1	1
3150	0	0
3151	0	0
3152	0	1
3153	0	1
3154	0	1
3155	0	2
3156	0	1
3157	0	0
3158	0	0
3159	0	1
3160	0	2
3161	1	0
3162	0	1
3163	0	0
3164	0	1
3165	0	1
3166	0	0
3167	0	1
3168	0	1
3169	0	0
3170	0	2
3171	0	0
3172	0	1
3173	1	4
3174	0	2
3175	0	1
3176	0	1
3177	0	2
3178	0	2
3179	0	2
3180	0	1
3181	0	2
3182	1	1
3183	0	0
3184	0	2
3185	0	1
3186	0	2
3187	0	1
3188	0	0
3189	0	0
3190	0	1
3191	0	0
3192	0	0
3193	0	1
3194	0	1
3195	0	1
3196	0	3
3197	0	1
3198	1	0
3199	0	1
3200	0	2
3201	0	1
3202	0	1
3203	0	0
3204	0	0
3205	0	2
3206	0	0
3207	0	2
3208	1	2
3209	0	1
3210	0	4
3211	0	0
3212	0	2
3213	0	2
3214	0	1
3215	0	1
3216	0	2
3217	0	5
3218	0	0
3219	0	1
3220	1	0
3221	0	0
3222	0	2
3223	0	0
3224	0	0
3225	0	2
3226	0	1
3227	0	2
3228	0	1
3229	0	0
3230	0	2
3231	0	1
3232	0	0
3233	0	0
3234	0	1
3235	0	0
3236	0	1
3237	0	1
3238	0	0
3239	0	0
3240	0	0
3241	0	1
3242	0	1
3243	0	1
3244	1	1
3245	0	0
3246	0	0
3247	0	0
3248	0	1
3249	0	1
3250	0	0
3251	0	0
3252	0	1
3253	0	1
3254	0	0
3255	1	0
3256	0	0
3257	0	0
3258	0	3
3259	0	0
3260	0	1
3261	0	2
3262	0	1
3263	0	1
3264	0	2
3265	0	1
3266	0	1
3267	0	0
3268	0	0
3269	0	0
3270	0	1
3271	2	2
3272	1	0
3273	1	0
3274	0	1
3275	0	1
3276	0	0
3277	0	0
3278	0	0
3279	0	0
3280	0	2
3281	0	3
3282	0	2
3283	0	1
3284	0	0
3285	0	3
3286	0	1
3287	1	0
3288	0	1
3289	0	1
3290	0	2
3291	0	1
3292	0	0
3293	0	1
3294	0	1
3295	1	0
3296	0	1
3297	0	1
3298	0	1
3299	0	0
3300	0	3
3301	0	0
3302	1	1
3303	0	0
3304	0	1
3305	0	0
3306	0	1
3307	0	1
3308	0	1
3309	0	0
3310	0	2
3311	0	0
3312	0	1
3313	0	1
3314	0	2
3315	0	1
3316	0	1
3317	0	0
3318	0	0
3319	0	3
3320	0	0
3321	0	1
3322	0	0
3323	0	0
3324	0	1
3325	0	1
3326	0	1
3327	1	1
3328	0	1
3329	0	1
3330	0	2
3331	0	2
3332	0	1
3333	0	1
3334	0	0
3335	0	3
3336	0	0
3337	1	1
3338	0	0
3339	0	1
3340	0	0
3341	0	3
3342	0	1
3343	1	1
3344	0	0
3345	0	1
3346	0	2
3347	0	1
3348	1	2
3349	1	0
3350	0	0
3351	0	0
3352	0	0
3353	0	5
3354	0	3
3355	0	0
3356	0	2
3357	0	0
3358	0	1
3359	0	2
3360	0	0
3361	0	1
3362	0	1
3363	0	1
3364	0	0
3365	0	0
3366	0	1
3367	0	3
3368	0	0
3369	0	3
3370	0	1
3371	0	1
3372	0	3
3373	0	2
3374	0	0
3375	0	2
3376	0	1
3377	0	1
3378	0	2
3379	0	2
3380	0	0
3381	0	2
3382	0	0
3383	0	0
3384	0	0
3385	0	1
3386	0	2
3387	0	1
3388	0	1
3389	0	0
3390	0	1
3391	1	0
3392	0	0
3393	0	1
3394	0	1
3395	0	0
3396	1	2
3397	0	0
3398	0	1
3399	0	0
3400	0	0
3401	0	1
3402	0	3
3403	0	0
3404	1	1
3405	0	0
3406	0	0
3407	0	1
3408	0	2
3409	0	1
3410	0	0
3411	0	1
3412	0	2
3413	0	1
3414	0	0
3415	0	1
3416	0	2
3417	1	1
3418	0	2
3419	1	4
3420	0	3
3421	0	1
3422	0	0
3423	0	0
3424	1	0
3425	0	1
3426	0	1
3427	0	0
3428	0	1
3429	0	3
3430	0	0
3431	0	0
3432	0	0
3433	0	0
3434	0	0
3435	0	0
3436	1	0
3437	0	0
3438	0	1
3439	0	1
3440	0	0
3441	0	0
3442	0	2
3443	0	2
3444	1	0
3445	0	0
3446	0	2
3447	0	0
3448	0	1
3449	0	0
3450	0	0
3451	0	3
3452	0	0
3453	0	0
3454	0	0
3455	0	0
3456	0	1
3457	0	0
3458	0	2
3459	0	0
3460	0	0
3461	0	1
3462	0	0
3463	0	0
3464	0	2
3465	1	0
3466	0	2
3467	0	0
3468	0	0
3469	0	0
3470	0	0
3471	0	0
3472	0	1
3473	0	0
3474	0	1
3475	0	1
3476	0	1
3477	0	0
3478	0	1
3479	0	1
3480	1	1
3481	0	2
3482	0	0
3483	0	2
3484	0	0
3485	0	0
3486	0	1
3487	0	0
3488	0	1
3489	0	0
3490	0	1
3491	0	2
3492	0	1
3493	0	0
3494	0	0
3495	0	1
3496	0	0
3497	0	1
3498	0	0
3499	0	0
3500	0	1
3501	0	2
3502	0	0
3503	0	0
3504	1	3
3505	0	0
3506	0	1
3507	0	3
3508	0	0
3509	0	0
3510	0	1
3511	0	0
3512	0	1
3513	0	0
3514	0	1
3515	0	0
3516	0	0
3517	0	1
3518	0	0
3519	0	1
3520	0	0
3521	0	0
3522	0	0
3523	1	1
3524	0	2
3525	0	0
3526	0	0
3527	0	1
3528	0	2
3529	0	0
3530	0	3
3531	1	1
3532	0	1
3533	0	0
3534	0	0
3535	0	0
3536	0	0
3537	0	2
3538	0	1
3539	0	0
3540	0	0
3541	0	0
3542	0	1
3543	0	0
3544	0	1
3545	0	1
3546	0	1
3547	0	1
3548	0	3
3549	0	0
3550	0	1
3551	0	1
3552	0	0
3553	0	0
3554	0	0
3555	0	3
3556	0	0
3557	0	1
3558	0	0
3559	0	0
3560	0	1
3561	1	0
3562	1	1
3563	0	0
3564	0	1
3565	1	0
3566	0	0
3567	0	0
3568	0	1
3569	0	0
3570	0	0
3571	0	0
3572	0	2
3573	0	2
3574	0	0
3575	0	0
3576	0	0
3577	0	1
3578	0	0
3579	0	1
3580	0	0
3581	0	0
3582	0	0
3583	0	1
3584	0	2
3585	0	0
3586	0	0
3587	0	1
3588	0	3
3589	0	0
3590	0	1
3591	0	1
3592	0	0
3593	0	2
3594	0	0
3595	0	0
3596	0	0
3597	0	0
3598	0	0
3599	0	0
3600	1	0
3601	0	1
3602	0	1
3603	0	1
3604	0	2
3605	0	0
3606	0	2
3607	0	0
3608	0	2
3609	0	0
3610	0	0
3611	0	1
3612	0	0
3613	0	0
3614	0	1
3615	0	0
3616	0	0
3617	0	0
3618	0	1
3619	0	0
3620	0	1
3621	0	0
3622	0	0
3623	0	0
3624	0	0
3625	0	0
3626	0	0
3627	0	0
3628	0	0
3629	0	0
3630	0	0
3631	0	0
3632	0	0
3633	0	1
3634	1	1
3635	0	1
3636	0	0
3637	0	0
3638	0	0
3639	0	1
3640	0	0
3641	0	1
3642	0	0
3643	0	1
3644	0	0
3645	0	2
3646	0	0
3647	0	1
3648	1	1
3649	0	1
3650	0	4
3651	0	0
3652	0	1
3653	0	0
3654	0	0
3655	0	0
3656	0	0
3657	0	1
3658	1	0
3659	0	1
3660	0	0
3661	0	2
3662	0	0
3663	0	1
3664	0	1
3665	0	3
3666	0	0
3667	0	0
3668	0	0
3669	0	2
3670	1	0
3671	0	0
3672	0	0
3673	0	0
3674	0	0
3675	0	0
3676	0	0
3677	1	0
3678	0	0
3679	0	0
3680	0	0
3681	0	0
3682	0	0
3683	0	0
3684	0	0
3685	1	0
3686	0	0
3687	0	0
3688	0	0
3689	0	0
3690	0	0
3691	0	0
3692	0	1
3693	1	0
3694	0	1
3695	0	0
3696	0	0
3697	1	0
3698	0	0
3699	0	1
3700	0	2
3701	0	2
3702	0	2
3703	0	0
3704	0	0
3705	0	2
3706	0	0
3707	0	2
3708	0	0
3709	0	0
3710	0	1
3711	0	0
3712	0	0
3713	0	0
3714	1	1
3715	0	1
3716	1	1
3717	1	1
3718	0	1
3719	0	2
3720	0	2
3721	1	1
3722	0	2
3723	0	0
3724	0	2
3725	0	1
3726	0	4
3727	0	2
3728	0	0
3729	0	0
3730	0	0
3731	0	2
3732	1	0
3733	0	0
3734	0	1
3735	0	1
3736	0	0
3737	0	0
3738	0	1
3739	0	0
3740	0	1
3741	0	0
3742	0	0
3743	0	2
3744	0	1
3745	0	0
3746	1	0
3747	0	0
3748	0	1
3749	0	0
3750	0	1
3751	0	0
3752	1	1
3753	0	0
3754	0	0
3755	0	0
3756	0	0
3757	0	1
3758	0	1
3759	0	1
3760	0	1
3761	0	0
3762	0	1
3763	0	0
3764	0	0
3765	0	0
3766	0	0
3767	1	0
3768	0	0
3769	0	0
3770	0	0
3771	0	0
3772	0	1
3773	0	1
3774	0	0
3775	0	0
3776	1	0
3777	0	0
3778	0	1
3779	0	1
3780	0	0
3781	0	0
3782	0	0
3783	1	0
3784	0	0
3785	0	0
3786	0	1
3787	0	1
3788	0	0
3789	0	1
3790	0	0
3791	0	0
3792	0	0
3793	0	0
3794	0	0
3795	0	0
3796	0	1
3797	0	0
3798	0	1
3799	0	1
3800	1	0
3801	0	0
3802	0	1
3803	0	0
3804	0	1
3805	1	0
3806	0	0
3807	0	1
3808	0	1
3809	0	0
3810	0	0
3811	0	0
3812	0	0
3813	0	0
3814	1	0
3815	0	0
3816	1	1
3817	0	0
3818	0	1
3819	0	0
3820	0	1
3821	0	1
3822	0	0
3823	0	0
3824	0	0
3825	0	0
3826	1	1
3827	0	0
3828	0	0
3829	0	1
3830	0	1
3831	0	1
3832	0	0
3833	0	1
3834	0	1
3835	0	0
3836	0	1
3837	1	0
3838	0	0
3839	0	0
3840	0	1
3841	0	0
3842	0	0
3843	0	1
3844	0	2
3845	0	1
3846	0	1
3847	0	0
3848	0	0
3849	0	0
3850	0	0
3851	0	0
3852	0	1
3853	0	0
3854	0	2
3855	0	0
3856	0	0
3857	0	1
3858	0	1
3859	0	0
3860	0	1
3861	0	0
3862	0	0
3863	0	0
3864	0	1
3865	0	1
3866	0	0
3867	0	0
3868	0	0
3869	0	0
3870	0	0
3871	0	0
3872	0	0
3873	0	0
3874	0	0
3875	0	0
3876	0	0
3877	0	0
3878	0	0
3879	0	0
3880	0	0
3881	0	0
3882	0	0
3883	0	0
3884	0	0
3885	0	1
3886	0	1
3887	0	0
3888	0	0
3889	0	0
3890	0	0
3891	0	1
3892	0	0
3893	0	0
3894	0	2
3895	0	0
3896	0	1
3897	0	0
3898	0	0
3899	0	0
3900	0	1
3901	0	0
3902	0	0
3903	0	1
3904	0	0
3905	0	1
3906	0	0
3907	0	0
3908	1	0
3909	0	0
3910	1	0
3911	0	1
3912	0	0
3913	0	2
3914	0	0
3915	0	0
3916	0	0
3917	0	0
3918	0	0
3919	0	0
3920	0	0
3921	0	0
3922	0	1
3923	0	1
3924	0	0
3925	0	0
3926	0	0
3927	0	0
3928	0	0
3929	0	1
3930	0	1
3931	0	0
3932	0	0
3933	0	0
3934	1	0
3935	0	1
3936	0	0
3937	0	0
3938	0	0
3939	0	0
3940	0	0
3941	0	0
3942	0	0
3943	0	0
3944	0	1
3945	0	1
3946	0	1
3947	0	0
3948	0	0
3949	0	2
3950	0	0
3951	0	1
3952	0	0
3953	0	0
3954	0	0
3955	0	0
3956	0	0
3957	0	1
3958	0	0
3959	0	0
3960	0	0
3961	0	1
3962	0	1
3963	0	0
3964	0	0
3965	0	0
3966	0	0
3967	0	0
3968	0	0
3969	0	0
3970	0	1
3971	0	0
3972	0	0
3973	0	0
3974	0	0
3975	0	0
3976	0	0
3977	0	1
3978	0	0
3979	0	1
3980	0	0
3981	0	0
3982	0	0
3983	0	0
3984	0	1
3985	0	0
3986	0	0
3987	0	0
3988	0	0
3989	0	0
3990	0	0
3991	1	0
3992	0	0
3993	0	1
3994	0	0
3995	0	1
3996	0	1
3997	0	1
3998	0	0
3999	0	1
4000	0	0
