0	0	0
1	0	0
2	0	0
3	0	0
4	0	0
5	0	0
6	0	0
7	0	0
8	0	0
9	0	0
10	0	0
11	0	0
12	0	0
13	2	0
14	1	0
15	1	1
16	0	0
17	1	0
18	1	0
19	0	0
20	2	1
21	28	9
22	67	47
23	129	62
24	124	52
25	117	45
26	170	58
27	137	61
28	141	68
29	144	63
30	136	68
31	189	80
32	146	78
33	142	75
34	171	80
35	112	74
36	140	66
37	141	85
38	129	56
39	157	66
40	169	101
41	143	73
42	186	91
43	192	101
44	164	81
45	173	103
46	200	88
47	226	122
48	179	101
49	217	133
50	197	133
51	197	114
52	205	133
53	232	155
54	191	139
55	217	127
56	205	142
57	191	123
58	223	142
59	185	138
60	196	131
61	207	130
62	193	113
63	199	111
64	191	114
65	207	135
66	184	97
67	169	118
68	149	93
69	184	133
70	157	94
71	180	91
72	207	123
73	153	87
74	218	135
75	180	105
76	165	106
77	187	116
78	171	122
79	148	115
80	203	134
81	196	134
82	211	149
83	169	94
84	183	110
85	246	176
86	159	116
87	207	161
88	204	128
89	194	140
90	227	150
91	214	130
92	209	146
93	241	135
94	223	149
95	322	187
96	197	138
97	224	161
98	240	172
99	243	144
100	238	144
101	283	174
102	236	170
103	249	181
104	294	184
105	241	169
106	289	222
107	308	202
108	256	193
109	293	219
110	315	241
111	284	230
112	287	239
113	308	207
114	291	239
115	252	196
116	259	211
117	338	286
118	290	221
119	318	239
120	346	245
121	282	236
122	323	301
123	309	253
124	323	211
125	338	291
126	333	263
127	323	253
128	413	289
129	344	309
130	382	293
131	340	271
132	318	264
133	396	325
134	300	268
135	373	322
136	365	306
137	314	277
138	397	327
139	349	324
140	361	301
141	376	292
142	410	319
143	370	296
144	373	297
145	368	287
146	401	310
147	319	291
148	391	342
149	397	361
150	325	292
151	383	342
152	392	278
153	345	290
154	411	376
155	324	290
156	404	326
157	399	311
158	386	337
159	434	354
160	444	324
161	369	313
162	356	370
163	348	319
164	371	321
165	393	402
166	340	273
167	348	304
168	402	365
169	351	287
170	423	373
171	353	347
172	329	271
173	365	324
174	406	334
175	422	355
176	341	306
177	368	326
178	386	347
179	364	289
180	386	330
181	387	355
182	348	306
183	342	335
184	356	365
185	349	297
186	420	358
187	347	315
188	326	307
189	388	384
190	360	333
191	390	355
192	331	311
193	369	327
194	373	325
195	348	300
196	291	297
197	378	362
198	310	286
199	372	320
200	337	296
201	344	261
202	390	311
203	344	309
204	360	284
205	374	323
206	386	317
207	313	270
208	357	288
209	387	315
210	342	343
211	311	287
212	344	315
213	391	348
214	302	291
215	358	318
216	336	261
217	308	257
218	379	336
219	330	291
220	349	306
221	398	309
222	332	312
223	363	368
224	300	288
225	352	297
226	338	334
227	337	271
228	322	262
229	374	304
230	326	258
231	292	244
232	339	299
233	305	269
234	342	309
235	319	305
236	306	253
237	322	273
238	318	294
239	371	279
240	292	262
241	303	288
242	336	264
243	270	257
244	314	258
245	361	319
246	289	229
247	312	312
248	306	274
249	262	256
250	329	295
251	298	296
252	320	253
253	348	307
254	332	238
255	231	206
256	379	346
257	305	243
258	296	257
259	297	251
260	269	227
261	333	297
262	306	247
263	283	226
264	268	274
265	248	233
266	315	278
267	295	230
268	250	217
269	300	275
270	303	236
271	288	199
272	294	218
273	302	249
274	280	253
275	250	238
276	294	261
277	324	243
278	291	198
279	260	241
280	270	240
281	301	225
282	321	245
283	242	245
284	304	216
285	280	236
286	297	223
287	339	236
288	307	222
289	270	228
290	291	227
291	247	234
292	258	190
293	317	260
294	254	208
295	264	207
296	274	260
297	279	173
298	281	252
299	252	247
300	231	210
301	264	230
302	281	240
303	320	224
304	281	200
305	273	204
306	302	233
307	232	207
308	289	194
309	280	230
310	273	179
311	256	205
312	256	205
313	236	198
314	300	239
315	245	223
316	253	200
317	274	223
318	271	225
319	235	168
320	264	222
321	266	181
322	265	199
323	239	199
324	252	184
325	292	243
326	262	171
327	279	191
328	266	194
329	249	218
330	252	213
331	246	190
332	227	201
333	238	184
334	286	203
335	235	176
336	272	185
337	225	194
338	257	208
339	227	170
340	217	206
341	259	203
342	237	178
343	247	205
344	227	179
345	249	162
346	278	197
347	250	159
348	208	186
349	260	176
350	267	171
351	287	243
352	228	160
353	231	172
354	263	213
355	215	168
356	242	163
357	248	200
358	223	174
359	226	167
360	225	192
361	199	150
362	286	187
363	226	197
364	209	156
365	228	186
366	244	204
367	198	172
368	250	170
369	219	181
370	247	166
371	230	147
372	217	145
373	250	167
374	221	151
375	239	178
376	220	178
377	212	176
378	237	193
379	197	136
380	210	162
381	226	174
382	204	165
383	237	181
384	204	129
385	220	133
386	208	155
387	191	177
388	185	140
389	222	164
390	217	168
391	201	150
392	216	154
393	214	143
394	217	176
395	193	142
396	193	141
397	235	155
398	235	162
399	194	150
400	205	145
401	200	154
402	212	185
403	209	148
404	218	159
405	225	181
406	189	147
407	218	194
408	206	130
409	176	123
410	234	163
411	175	138
412	201	155
413	191	157
414	213	155
415	232	138
416	207	138
417	190	144
418	189	146
419	186	137
420	220	132
421	199	154
422	208	140
423	178	106
424	210	152
425	183	119
426	220	145
427	191	138
428	174	146
429	179	129
430	199	151
431	211	156
432	191	105
433	192	113
434	223	120
435	149	106
436	180	119
437	194	134
438	164	122
439	192	118
440	220	110
441	201	96
442	202	153
443	187	108
444	198	119
445	217	130
446	193	130
447	191	111
448	160	109
449	176	107
450	181	112
451	161	105
452	164	113
453	198	136
454	160	110
455	162	109
456	179	130
457	162	102
458	226	98
459	162	118
460	166	97
461	180	116
462	182	112
463	168	123
464	194	105
465	169	103
466	170	131
467	143	95
468	185	108
469	195	130
470	181	102
471	187	103
472	164	104
473	157	105
474	194	105
475	157	90
476	173	100
477	168	127
478	159	102
479	219	126
480	156	82
481	165	102
482	171	93
483	167	107
484	178	84
485	187	134
486	161	76
487	153	78
488	170	106
489	157	90
490	178	83
491	169	110
492	141	97
493	154	114
494	178	92
495	173	102
496	158	86
497	153	93
498	176	100
499	148	83
500	133	109
501	193	116
502	124	94
503	152	91
504	153	81
505	173	68
506	136	91
507	155	90
508	147	80
509	139	79
510	166	91
511	124	86
512	185	118
513	156	95
514	132	90
515	157	101
516	134	75
517	158	100
518	114	68
519	128	80
520	130	79
521	133	82
522	154	99
523	155	86
524	125	91
525	163	92
526	136	90
527	127	81
528	119	77
529	115	103
530	125	82
531	124	70
532	146	72
533	136	69
534	123	79
535	135	85
536	124	76
537	112	62
538	127	87
539	99	72
540	119	79
541	130	80
542	98	84
543	130	93
544	118	85
545	127	78
546	104	80
547	117	76
548	121	82
549	126	101
550	111	68
551	110	72
552	118	82
553	97	64
554	130	84
555	105	90
556	100	63
557	115	79
558	106	69
559	118	95
560	77	77
561	102	85
562	110	82
563	100	62
564	120	74
565	122	90
566	101	68
567	106	74
568	108	81
569	100	65
570	113	84
571	96	54
572	86	69
573	107	75
574	92	83
575	94	76
576	82	79
577	92	75
578	94	76
579	89	69
580	93	77
581	101	70
582	79	57
583	111	74
584	80	65
585	83	67
586	105	82
587	106	65
588	93	62
589	69	64
590	104	92
591	70	70
592	104	80
593	86	70
594	101	73
595	69	51
596	80	49
597	75	78
598	69	81
599	109	61
600	78	60
601	86	71
602	92	66
603	91	57
604	89	60
605	79	64
606	83	68
607	96	95
608	60	64
609	79	52
610	70	71
611	71	68
612	58	55
613	76	53
614	68	50
615	63	61
616	72	68
617	91	57
618	75	66
619	87	60
620	69	72
621	72	56
622	73	58
623	76	67
624	63	63
625	77	44
626	95	58
627	58	44
628	65	46
629	64	60
630	65	53
631	67	52
632	76	70
633	63	58
634	83	64
635	62	54
636	63	58
637	54	47
638	77	56
639	53	32
640	68	61
641	72	61
642	62	49
643	54	44
644	61	41
645	86	53
646	60	59
647	73	49
648	59	47
649	79	47
650	69	66
651	69	50
652	59	42
653	82	44
654	66	50
655	63	42
656	64	61
657	63	50
658	58	53
659	55	48
660	60	63
661	74	48
662	60	43
663	54	45
664	58	56
665	63	33
666	65	54
667	67	55
668	66	52
669	60	47
670	64	41
671	61	46
672	64	50
673	60	43
674	51	48
675	79	50
676	74	38
677	58	34
678	64	42
679	53	41
680	70	50
681	51	55
682	59	41
683	70	31
684	59	34
685	62	57
686	54	45
687	59	44
688	48	45
689	54	46
690	60	50
691	46	39
692	64	35
693	49	52
694	48	34
695	56	37
696	51	46
697	69	34
698	56	34
699	59	37
700	52	32
701	56	32
702	62	41
703	62	44
704	57	44
705	59	46
706	45	38
707	55	45
708	54	39
709	64	53
710	41	33
711	75	45
712	58	41
713	55	41
714	61	42
715	83	42
716	51	43
717	54	34
718	57	39
719	54	33
720	76	43
721	57	24
722	63	37
723	48	27
724	72	33
725	66	41
726	52	29
727	53	41
728	53	32
729	64	32
730	68	42
731	62	35
732	70	32
733	61	57
734	64	37
735	88	46
736	58	41
737	67	39
738	53	35
739	71	37
740	70	39
741	82	46
742	64	38
743	85	29
744	82	29
745	58	33
746	104	38
747	80	30
748	88	37
749	91	31
750	84	38
751	99	33
752	81	22
753	82	28
754	76	34
755	95	27
756	105	28
757	128	30
758	100	43
759	128	29
760	99	35
761	104	25
762	119	30
763	129	36
764	114	28
765	116	46
766	145	29
767	150	37
768	143	30
769	135	42
770	151	34
771	164	36
772	132	26
773	199	39
774	148	38
775	180	35
776	192	22
777	172	20
778	217	41
779	188	36
780	166	24
781	193	33
782	211	31
783	200	22
784	217	35
785	216	24
786	226	39
787	203	32
788	270	26
789	268	36
790	231	40
791	259	33
792	241	36
793	255	26
794	299	44
795	279	22
796	294	35
797	272	32
798	278	42
799	291	26
800	294	30
801	308	39
802	324	29
803	301	41
804	308	30
805	313	29
806	285	25
807	295	24
808	361	33
809	292	17
810	353	27
811	332	35
812	286	23
813	311	20
814	349	28
815	353	39
816	304	21
817	323	18
818	351	25
819	309	21
820	339	26
821	362	34
822	282	30
823	296	31
824	362	34
825	347	22
826	351	26
827	291	21
828	333	27
829	321	25
830	328	27
831	309	38
832	332	38
833	289	29
834	305	24
835	276	29
836	298	19
837	288	32
838	267	30
839	269	30
840	278	27
841	291	29
842	280	31
843	285	31
844	263	21
845	273	28
846	262	46
847	246	39
848	274	32
849	207	25
850	255	25
851	231	34
852	236	26
853	221	20
854	213	29
855	235	18
856	204	29
857	201	26
858	232	41
859	196	31
860	191	26
861	206	27
862	174	31
863	220	38
864	150	25
865	149	26
866	191	30
867	185	17
868	150	17
869	187	20
870	155	36
871	141	25
872	124	23
873	138	35
874	179	38
875	122	26
876	130	20
877	124	17
878	124	18
879	130	29
880	144	17
881	116	27
882	115	19
883	111	21
884	104	23
885	102	27
886	100	24
887	92	20
888	80	15
889	90	20
890	121	20
891	90	20
892	90	24
893	79	23
894	103	24
895	91	29
896	89	25
897	86	29
898	77	17
899	59	20
900	77	29
901	92	27
902	85	23
903	61	30
904	61	20
905	73	16
906	73	23
907	79	23
908	60	35
909	63	27
910	47	23
911	69	16
912	64	26
913	63	22
914	65	24
915	52	20
916	74	24
917	79	26
918	50	22
919	53	24
920	53	23
921	56	24
922	59	34
923	49	17
924	72	30
925	66	32
926	74	23
927	56	26
928	54	14
929	50	24
930	64	21
931	42	18
932	46	29
933	52	24
934	56	24
935	66	22
936	62	23
937	51	18
938	55	26
939	45	20
940	54	32
941	41	17
942	46	26
943	35	16
944	38	12
945	49	23
946	45	24
947	40	18
948	51	23
949	54	18
950	48	19
951	40	15
952	49	29
953	32	25
954	54	33
955	50	24
956	42	20
957	60	17
958	45	24
959	54	38
960	34	24
961	53	24
962	40	15
963	38	17
964	40	22
965	33	24
966	37	15
967	55	33
968	35	23
969	45	24
970	41	26
971	53	28
972	42	17
973	42	23
974	47	33
975	44	21
976	40	20
977	46	24
978	40	27
979	35	18
980	37	18
981	37	30
982	31	19
983	37	20
984	36	17
985	25	24
986	43	21
987	50	17
988	26	19
989	31	21
990	48	28
991	48	30
992	39	17
993	38	27
994	46	27
995	28	24
996	27	14
997	37	21
998	24	24
999	41	17
1000	45	24
1001	35	28
1002	31	20
1003	42	30
1004	36	24
1005	40	20
1006	34	21
1007	42	28
1008	37	18
1009	36	16
1010	27	22
1011	31	29
1012	35	21
1013	44	19
1014	33	18
1015	42	22
1016	40	24
1017	32	23
1018	40	24
1019	32	20
1020	48	20
1021	38	22
1022	40	20
1023	18	6
1024	45	27
1025	34	23
1026	36	22
1027	29	27
1028	24	13
1029	39	25
1030	35	22
1031	39	27
1032	45	18
1033	28	24
1034	41	31
1035	45	29
1036	41	24
1037	22	20
1038	39	21
1039	27	15
1040	45	24
1041	40	27
1042	24	20
1043	52	22
1044	32	14
1045	34	30
1046	40	17
1047	36	22
1048	43	16
1049	48	26
1050	52	12
1051	32	23
1052	38	26
1053	37	25
1054	44	18
1055	37	20
1056	48	27
1057	39	26
1058	34	20
1059	43	15
1060	43	19
1061	37	28
1062	26	20
1063	36	24
1064	40	16
1065	42	18
1066	40	17
1067	32	23
1068	30	13
1069	33	20
1070	44	28
1071	34	23
1072	35	13
1073	37	26
1074	35	21
1075	24	21
1076	39	30
1077	34	26
1078	36	23
1079	31	20
1080	28	12
1081	30	23
1082	37	25
1083	27	20
1084	32	15
1085	30	24
1086	32	24
1087	34	23
1088	33	21
1089	35	27
1090	40	24
1091	33	18
1092	32	21
1093	30	26
1094	29	26
1095	32	16
1096	28	11
1097	28	18
1098	37	18
1099	36	17
1100	25	15
1101	29	13
1102	35	15
1103	28	18
1104	39	17
1105	30	15
1106	36	20
1107	25	21
1108	37	25
1109	51	21
1110	31	21
1111	29	20
1112	37	15
1113	27	17
1114	43	16
1115	35	23
1116	44	20
1117	30	20
1118	25	22
1119	35	24
1120	28	21
1121	26	22
1122	36	20
1123	34	22
1124	26	24
1125	41	22
1126	23	22
1127	32	15
1128	33	11
1129	32	15
1130	42	24
1131	37	21
1132	25	17
1133	29	17
1134	25	30
1135	32	22
1136	29	9
1137	36	19
1138	36	12
1139	36	22
1140	37	26
1141	33	17
1142	27	16
1143	37	18
1144	30	15
1145	26	23
1146	29	26
1147	26	24
1148	29	13
1149	38	13
1150	26	22
1151	28	12
1152	30	13
1153	32	16
1154	28	22
1155	25	12
1156	36	17
1157	31	17
1158	30	15
1159	22	18
1160	26	19
1161	30	13
1162	22	24
1163	37	19
1164	26	16
1165	26	21
1166	34	14
1167	36	12
1168	29	19
1169	24	16
1170	36	14
1171	22	12
1172	22	14
1173	40	18
1174	24	20
1175	27	12
1176	29	17
1177	27	18
1178	40	19
1179	33	13
1180	26	16
1181	33	19
1182	27	8
1183	23	19
1184	36	24
1185	43	14
1186	34	21
1187	27	11
1188	22	13
1189	26	8
1190	20	10
1191	30	14
1192	32	21
1193	27	10
1194	32	16
1195	16	13
1196	15	11
1197	27	17
1198	35	20
1199	25	18
1200	25	14
1201	30	13
1202	35	19
1203	20	15
1204	33	13
1205	29	20
1206	28	10
1207	27	15
1208	20	18
1209	26	8
1210	28	16
1211	29	9
1212	21	14
1213	25	12
1214	20	16
1215	29	22
1216	29	14
1217	38	12
1218	29	9
1219	24	10
1220	27	14
1221	33	15
1222	30	11
1223	26	14
1224	32	18
1225	31	12
1226	29	16
1227	18	7
1228	25	12
1229	30	13
1230	30	17
1231	28	10
1232	29	11
1233	30	9
1234	22	17
1235	17	14
1236	33	17
1237	27	14
1238	30	12
1239	25	15
1240	27	9
1241	25	9
1242	28	12
1243	24	8
1244	22	11
1245	19	8
1246	31	10
1247	41	23
1248	25	12
1249	26	16
1250	30	9
1251	23	11
1252	19	11
1253	30	15
1254	16	14
1255	20	8
1256	31	9
1257	21	13
1258	28	15
1259	27	17
1260	25	14
1261	30	16
1262	21	14
1263	18	11
1264	25	10
1265	28	13
1266	19	11
1267	25	9
1268	28	17
1269	37	16
1270	30	13
1271	27	7
1272	18	11
1273	23	16
1274	28	10
1275	27	13
1276	22	15
1277	24	15
1278	26	5
1279	17	11
1280	29	11
1281	25	21
1282	30	15
1283	20	15
1284	21	13
1285	20	21
1286	25	12
1287	27	12
1288	26	13
1289	25	12
1290	28	7
1291	22	13
1292	24	6
1293	19	16
1294	26	6
1295	29	16
1296	31	18
1297	18	15
1298	30	13
1299	19	11
1300	26	11
1301	29	9
1302	26	10
1303	23	8
1304	18	14
1305	15	12
1306	24	12
1307	24	11
1308	24	9
1309	21	11
1310	26	13
1311	28	15
1312	33	12
1313	24	10
1314	24	11
1315	20	14
1316	28	10
1317	30	12
1318	26	11
1319	27	16
1320	23	14
1321	18	12
1322	31	11
1323	21	8
1324	13	6
1325	27	11
1326	21	14
1327	28	12
1328	21	17
1329	22	11
1330	21	12
1331	26	9
1332	16	12
1333	17	11
1334	22	12
1335	26	11
1336	19	4
1337	14	14
1338	36	8
1339	20	11
1340	31	14
1341	11	11
1342	20	12
1343	27	7
1344	25	14
1345	26	11
1346	32	14
1347	16	16
1348	24	6
1349	26	16
1350	24	9
1351	16	12
1352	25	13
1353	21	12
1354	23	12
1355	20	12
1356	25	8
1357	17	7
1358	25	11
1359	26	8
1360	26	14
1361	20	9
1362	22	13
1363	31	9
1364	16	9
1365	23	12
1366	18	10
1367	30	13
1368	31	17
1369	20	12
1370	29	13
1371	17	15
1372	22	12
1373	19	14
1374	21	8
1375	30	8
1376	16	11
1377	26	8
1378	18	7
1379	19	13
1380	23	11
1381	25	8
1382	28	10
1383	13	9
1384	32	8
1385	16	10
1386	27	11
1387	20	10
1388	16	13
1389	26	5
1390	28	11
1391	34	10
1392	22	20
1393	20	6
1394	21	11
1395	23	10
1396	25	8
1397	20	12
1398	18	8
1399	28	5
1400	22	9
1401	24	9
1402	25	11
1403	17	8
1404	28	11
1405	19	8
1406	23	8
1407	27	13
1408	22	6
1409	24	16
1410	14	5
1411	18	9
1412	21	5
1413	26	17
1414	24	5
1415	21	14
1416	22	14
1417	23	12
1418	31	11
1419	29	10
1420	25	6
1421	25	10
1422	23	9
1423	20	8
1424	22	11
1425	29	14
1426	22	8
1427	24	13
1428	27	11
1429	28	4
1430	26	5
1431	21	14
1432	23	12
1433	24	9
1434	31	10
1435	20	9
1436	39	14
1437	26	11
1438	20	10
1439	25	6
1440	18	6
1441	26	14
1442	16	16
1443	25	10
1444	18	9
1445	29	9
1446	19	5
1447	14	6
1448	35	13
1449	24	10
1450	20	6
1451	25	7
1452	27	7
1453	20	6
1454	24	11
1455	20	6
1456	26	14
1457	29	10
1458	29	17
1459	21	7
1460	22	7
1461	18	8
1462	22	6
1463	28	6
1464	20	8
1465	27	11
1466	27	13
1467	25	9
1468	21	10
1469	21	10
1470	26	16
1471	31	6
1472	15	5
1473	27	7
1474	32	11
1475	18	6
1476	23	10
1477	24	5
1478	29	13
1479	29	5
1480	21	6
1481	24	14
1482	24	9
1483	23	6
1484	34	8
1485	24	10
1486	16	9
1487	21	12
1488	27	9
1489	26	6
1490	24	8
1491	25	15
1492	25	16
1493	33	14
1494	24	12
1495	19	9
1496	19	9
1497	28	9
1498	31	14
1499	25	8
1500	19	16
1501	28	12
1502	24	16
1503	32	11
1504	14	5
1505	22	8
1506	17	3
1507	17	11
1508	24	8
1509	30	10
1510	12	6
1511	27	13
1512	22	14
1513	28	8
1514	26	15
1515	29	13
1516	32	7
1517	28	10
1518	29	6
1519	27	13
1520	26	11
1521	16	8
1522	25	7
1523	22	10
1524	24	18
1525	27	10
1526	28	11
1527	17	8
1528	28	11
1529	24	9
1530	24	9
1531	26	15
1532	21	11
1533	20	7
1534	32	9
1535	24	13
1536	34	14
1537	28	10
1538	26	8
1539	20	8
1540	21	4
1541	22	9
1542	26	4
1543	32	8
1544	32	8
1545	30	11
1546	21	14
1547	26	3
1548	35	14
1549	33	8
1550	30	10
1551	19	9
1552	20	6
1553	25	9
1554	29	9
1555	20	5
1556	27	12
1557	26	9
1558	35	9
1559	32	12
1560	21	10
1561	28	7
1562	22	12
1563	22	6
1564	22	7
1565	27	7
1566	28	11
1567	25	15
1568	25	10
1569	31	4
1570	27	9
1571	15	11
1572	26	9
1573	24	13
1574	23	11
1575	22	13
1576	32	9
1577	28	6
1578	22	8
1579	20	11
1580	24	8
1581	22	10
1582	22	11
1583	19	6
1584	13	5
1585	26	6
1586	30	14
1587	29	4
1588	20	6
1589	17	6
1590	16	10
1591	23	11
1592	19	10
1593	26	6
1594	24	7
1595	23	6
1596	14	10
1597	18	12
1598	20	7
1599	19	7
1600	25	8
1601	18	4
1602	15	12
1603	21	3
1604	16	6
1605	28	11
1606	15	11
1607	23	7
1608	12	7
1609	17	9
1610	17	7
1611	20	2
1612	19	7
1613	24	12
1614	20	8
1615	12	3
1616	22	12
1617	19	4
1618	20	7
1619	19	4
1620	17	8
1621	15	8
1622	12	6
1623	21	4
1624	15	8
1625	18	10
1626	16	5
1627	20	2
1628	16	8
1629	17	4
1630	22	8
1631	24	6
1632	19	5
1633	22	8
1634	11	17
1635	15	7
1636	26	5
1637	16	12
1638	17	4
1639	10	8
1640	15	5
1641	13	1
1642	13	3
1643	25	6
1644	10	8
1645	19	9
1646	23	5
1647	18	9
1648	12	6
1649	14	4
1650	24	8
1651	17	9
1652	20	7
1653	19	7
1654	16	7
1655	18	9
1656	24	10
1657	20	4
1658	10	9
1659	9	3
1660	16	8
1661	13	6
1662	13	6
1663	8	9
1664	18	6
1665	11	5
1666	14	8
1667	13	4
1668	7	8
1669	12	12
1670	7	4
1671	9	7
1672	18	7
1673	14	7
1674	16	3
1675	16	6
1676	16	7
1677	9	6
1678	14	9
1679	9	7
1680	16	7
1681	19	8
1682	10	11
1683	12	7
1684	12	10
1685	17	6
1686	11	6
1687	15	6
1688	15	5
1689	12	9
1690	11	7
1691	18	5
1692	23	5
1693	18	8
1694	12	7
1695	18	8
1696	17	5
1697	14	13
1698	10	7
1699	9	6
1700	14	5
1701	12	9
1702	9	7
1703	13	8
1704	11	8
1705	16	6
1706	23	7
1707	13	5
1708	16	6
1709	15	6
1710	15	5
1711	14	7
1712	8	4
1713	16	6
1714	18	6
1715	7	4
1716	5	6
1717	13	12
1718	8	5
1719	13	7
1720	13	12
1721	15	8
1722	15	4
1723	13	3
1724	18	3
1725	12	6
1726	15	9
1727	14	6
1728	6	4
1729	7	7
1730	11	4
1731	13	4
1732	13	5
1733	11	8
1734	12	6
1735	10	3
1736	15	4
1737	11	6
1738	13	7
1739	12	5
1740	12	8
1741	10	9
1742	13	5
1743	8	3
1744	13	4
1745	12	9
1746	19	7
1747	11	5
1748	15	6
1749	14	6
1750	8	7
1751	11	4
1752	8	4
1753	17	9
1754	13	7
1755	5	8
1756	14	10
1757	11	6
1758	16	8
1759	8	5
1760	7	9
1761	7	6
1762	10	5
1763	11	3
1764	12	6
1765	11	11
1766	11	9
1767	7	6
1768	11	6
1769	9	4
1770	16	8
1771	8	7
1772	7	10
1773	10	4
1774	9	10
1775	11	10
1776	6	5
1777	8	4
1778	9	5
1779	7	6
1780	13	13
1781	16	10
1782	12	9
1783	13	7
1784	18	4
1785	9	6
1786	13	6
1787	8	6
1788	11	8
1789	9	5
1790	13	5
1791	12	7
1792	9	18
1793	15	15
1794	15	9
1795	6	5
1796	16	10
1797	8	11
1798	8	9
1799	11	5
1800	13	4
1801	7	12
1802	9	12
1803	11	7
1804	11	9
1805	14	6
1806	10	8
1807	10	5
1808	8	7
1809	11	5
1810	18	7
1811	11	6
1812	11	6
1813	9	6
1814	10	3
1815	18	9
1816	18	13
1817	8	6
1818	8	6
1819	8	8
1820	8	4
1821	6	5
1822	19	7
1823	10	6
1824	13	7
1825	13	8
1826	17	4
1827	11	10
1828	9	8
1829	13	5
1830	7	3
1831	10	2
1832	12	8
1833	20	5
1834	21	6
1835	14	7
1836	14	3
1837	18	6
1838	13	6
1839	16	4
1840	20	6
1841	20	8
1842	17	6
1843	13	8
1844	21	8
1845	17	7
1846	14	9
1847	18	8
1848	13	2
1849	13	9
1850	12	8
1851	16	2
1852	19	8
1853	14	7
1854	24	6
1855	20	5
1856	17	5
1857	17	4
1858	19	10
1859	11	5
1860	15	9
1861	29	3
1862	15	4
1863	21	6
1864	19	6
1865	17	8
1866	23	2
1867	20	3
1868	20	6
1869	23	6
1870	13	8
1871	16	8
1872	15	6
1873	18	4
1874	24	5
1875	16	7
1876	20	10
1877	26	5
1878	26	2
1879	24	8
1880	21	4
1881	25	6
1882	26	8
1883	24	7
1884	34	5
1885	22	8
1886	24	8
1887	34	8
1888	19	6
1889	21	6
1890	18	8
1891	20	5
1892	22	5
1893	18	7
1894	27	8
1895	29	6
1896	30	3
1897	26	3
1898	29	7
1899	36	3
1900	27	8
1901	26	9
1902	26	3
1903	23	8
1904	29	5
1905	32	3
1906	40	8
1907	25	11
1908	29	6
1909	32	8
1910	27	5
1911	23	2
1912	45	5
1913	27	7
1914	25	8
1915	37	3
1916	28	7
1917	28	5
1918	24	6
1919	37	5
1920	39	6
1921	32	5
1922	39	12
1923	34	4
1924	34	3
1925	34	4
1926	38	5
1927	29	6
1928	28	2
1929	33	10
1930	27	11
1931	31	4
1932	28	6
1933	32	8
1934	43	8
1935	38	2
1936	25	1
1937	21	6
1938	34	8
1939	36	3
1940	24	5
1941	32	3
1942	37	6
1943	37	2
1944	32	6
1945	31	11
1946	47	7
1947	22	3
1948	36	7
1949	35	8
1950	35	7
1951	28	11
1952	26	7
1953	32	7
1954	35	7
1955	33	7
1956	32	2
1957	40	6
1958	24	3
1959	30	5
1960	28	7
1961	36	4
1962	28	7
1963	42	9
1964	25	2
1965	40	4
1966	31	4
1967	28	7
1968	19	8
1969	37	4
1970	28	4
1971	28	7
1972	35	7
1973	31	3
1974	19	3
1975	31	2
1976	37	4
1977	25	12
1978	22	3
1979	29	4
1980	22	6
1981	21	3
1982	30	3
1983	34	3
1984	21	4
1985	28	9
1986	20	1
1987	29	2
1988	25	3
1989	37	4
1990	31	3
1991	27	4
1992	26	5
1993	21	6
1994	31	6
1995	33	3
1996	16	1
1997	21	2
1998	18	3
1999	30	8
2000	35	1
2001	16	2
2002	22	3
2003	22	4
2004	22	5
2005	21	6
2006	20	3
2007	31	3
2008	16	4
2009	19	5
2010	22	7
2011	18	2
2012	16	4
2013	30	6
2014	24	4
2015	15	5
2016	23	6
2017	22	6
2018	25	5
2019	16	4
2020	18	1
2021	21	3
2022	11	0
2023	24	5
2024	19	6
2025	18	6
2026	17	5
2027	15	7
2028	19	4
2029	20	5
2030	29	5
2031	21	8
2032	11	2
2033	21	6
2034	16	5
2035	12	7
2036	12	4
2037	20	8
2038	15	5
2039	16	6
2040	15	3
2041	11	4
2042	19	6
2043	14	2
2044	20	4
2045	13	5
2046	14	3
2047	15	1
2048	8	3
2049	18	7
2050	14	8
2051	13	2
2052	16	4
2053	15	3
2054	24	4
2055	22	3
2056	20	4
2057	13	0
2058	19	4
2059	18	5
2060	14	3
2061	13	6
2062	16	8
2063	7	2
2064	9	2
2065	11	3
2066	14	6
2067	8	3
2068	12	6
2069	13	4
2070	16	6
2071	19	6
2072	12	5
2073	14	4
2074	8	7
2075	8	5
2076	8	4
2077	14	5
2078	12	3
2079	13	5
2080	5	3
2081	13	2
2082	10	7
2083	10	2
2084	10	5
2085	13	5
2086	7	2
2087	7	9
2088	12	3
2089	13	6
2090	10	3
2091	11	3
2092	13	7
2093	13	5
2094	12	4
2095	14	5
2096	10	3
2097	10	9
2098	11	4
2099	10	8
2100	9	4
2101	13	3
2102	7	7
2103	14	2
2104	8	4
2105	17	2
2106	6	1
2107	13	7
2108	11	2
2109	19	3
2110	8	3
2111	7	3
2112	7	11
2113	9	4
2114	6	5
2115	10	1
2116	12	3
2117	17	4
2118	12	5
2119	10	8
2120	17	2
2121	6	3
2122	9	3
2123	7	4
2124	8	7
2125	14	5
2126	13	2
2127	7	8
2128	8	4
2129	8	3
2130	3	5
2131	10	3
2132	9	5
2133	9	2
2134	9	7
2135	10	5
2136	13	4
2137	11	4
2138	11	2
2139	9	5
2140	12	1
2141	8	3
2142	13	3
2143	12	1
2144	8	1
2145	14	3
2146	13	3
2147	6	2
2148	7	0
2149	11	5
2150	6	2
2151	6	6
2152	11	7
2153	10	5
2154	15	8
2155	18	8
2156	10	4
2157	10	2
2158	8	6
2159	8	0
2160	13	1
2161	11	5
2162	6	1
2163	8	5
2164	13	2
2165	9	6
2166	10	3
2167	11	5
2168	9	5
2169	7	6
2170	7	3
2171	8	5
2172	6	2
2173	8	5
2174	6	3
2175	7	8
2176	14	4
2177	6	4
2178	11	4
2179	8	3
2180	12	5
2181	11	3
2182	5	9
2183	11	3
2184	8	2
2185	11	6
2186	7	6
2187	8	9
2188	6	5
2189	7	2
2190	7	6
2191	9	4
2192	11	4
2193	10	5
2194	11	4
2195	12	5
2196	5	2
2197	12	5
2198	14	3
2199	6	3
2200	10	6
2201	12	6
2202	10	2
2203	7	5
2204	6	5
2205	8	4
2206	8	5
2207	6	6
2208	9	5
2209	13	6
2210	12	6
2211	12	3
2212	5	7
2213	4	2
2214	9	5
2215	13	7
2216	7	2
2217	9	0
2218	5	2
2219	12	9
2220	12	1
2221	14	8
2222	15	2
2223	9	1
2224	7	6
2225	5	6
2226	8	2
2227	12	4
2228	16	12
2229	8	7
2230	11	6
2231	7	5
2232	9	3
2233	5	5
2234	11	5
2235	12	5
2236	9	1
2237	10	5
2238	10	3
2239	9	6
2240	5	3
2241	10	5
2242	7	6
2243	12	4
2244	6	1
2245	13	4
2246	9	4
2247	11	2
2248	15	7
2249	11	5
2250	9	2
2251	7	5
2252	5	5
2253	3	6
2254	6	6
2255	8	4
2256	4	8
2257	5	5
2258	11	2
2259	7	9
2260	14	3
2261	7	7
2262	8	5
2263	9	7
2264	7	8
2265	6	5
2266	10	5
2267	11	5
2268	7	6
2269	10	9
2270	6	10
2271	13	5
2272	9	5
2273	8	7
2274	6	2
2275	8	3
2276	8	7
2277	9	8
2278	9	6
2279	8	4
2280	8	6
2281	7	4
2282	6	5
2283	8	5
2284	7	3
2285	7	7
2286	7	5
2287	11	2
2288	10	4
2289	11	4
2290	5	6
2291	6	4
2292	10	6
2293	9	6
2294	11	6
2295	2	1
2296	7	2
2297	2	3
2298	8	6
2299	7	5
2300	12	2
2301	5	7
2302	10	9
2303	3	5
2304	8	3
2305	10	8
2306	5	3
2307	5	3
2308	7	4
2309	8	1
2310	5	6
2311	12	4
2312	10	7
2313	7	8
2314	5	3
2315	7	6
2316	6	4
2317	5	3
2318	9	2
2319	6	7
2320	8	7
2321	2	4
2322	9	3
2323	10	2
2324	8	2
2325	5	5
2326	8	7
2327	4	7
2328	6	5
2329	14	4
2330	8	5
2331	7	5
2332	4	6
2333	6	7
2334	9	3
2335	15	2
2336	5	4
2337	7	4
2338	13	5
2339	4	12
2340	6	3
2341	8	3
2342	5	3
2343	6	6
2344	4	4
2345	4	4
2346	2	1
2347	13	3
2348	4	6
2349	8	3
2350	12	4
2351	4	4
2352	6	6
2353	11	3
2354	8	4
2355	9	5
2356	10	4
2357	2	5
2358	2	1
2359	6	3
2360	6	2
2361	7	4
2362	4	5
2363	5	4
2364	6	3
2365	6	7
2366	10	4
2367	6	3
2368	9	3
2369	7	3
2370	9	3
2371	5	0
2372	9	3
2373	8	9
2374	7	6
2375	3	2
2376	2	5
2377	6	4
2378	10	4
2379	9	7
2380	7	3
2381	4	4
2382	5	3
2383	9	6
2384	6	6
2385	11	1
2386	6	2
2387	4	5
2388	7	4
2389	7	6
2390	7	3
2391	6	6
2392	4	4
2393	6	5
2394	8	3
2395	3	2
2396	8	4
2397	4	4
2398	4	2
2399	6	2
2400	4	3
2401	6	3
2402	5	2
2403	4	1
2404	5	5
2405	4	3
2406	2	4
2407	7	0
2408	8	3
2409	9	2
2410	5	4
2411	5	5
2412	1	6
2413	5	2
2414	4	4
2415	7	2
2416	4	3
2417	6	7
2418	7	3
2419	5	2
2420	3	1
2421	4	4
2422	8	3
2423	4	1
2424	1	2
2425	2	5
2426	7	6
2427	4	1
2428	7	5
2429	10	5
2430	6	1
2431	6	3
2432	3	2
2433	5	1
2434	4	1
2435	4	2
2436	5	4
2437	5	1
2438	1	4
2439	4	2
2440	2	5
2441	6	1
2442	6	1
2443	3	3
2444	8	1
2445	5	6
2446	6	5
2447	1	2
2448	4	3
2449	5	3
2450	2	5
2451	3	1
2452	3	4
2453	7	6
2454	2	2
2455	5	0
2456	2	3
2457	4	3
2458	2	5
2459	11	4
2460	3	3
2461	5	2
2462	5	2
2463	3	1
2464	3	3
2465	6	2
2466	6	4
2467	4	1
2468	4	2
2469	2	8
2470	2	0
2471	2	5
2472	6	6
2473	2	3
2474	5	1
2475	3	1
2476	0	2
2477	6	3
2478	6	2
2479	4	1
2480	5	2
2481	0	6
2482	5	4
2483	5	3
2484	6	2
2485	1	2
2486	0	0
2487	4	4
2488	5	2
2489	4	1
2490	4	3
2491	2	0
2492	5	0
2493	4	7
2494	2	0
2495	3	1
2496	4	1
2497	5	2
2498	4	5
2499	3	1
2500	0	2
2501	1	4
2502	2	3
2503	2	1
2504	3	1
2505	1	0
2506	5	1
2507	2	1
2508	5	2
2509	3	4
2510	3	4
2511	3	1
2512	4	2
2513	2	4
2514	6	0
2515	4	5
2516	5	3
2517	4	5
2518	3	2
2519	7	1
2520	3	3
2521	4	2
2522	4	3
2523	4	2
2524	5	5
2525	3	3
2526	5	2
2527	5	3
2528	4	1
2529	7	2
2530	2	3
2531	3	1
2532	3	2
2533	2	2
2534	8	3
2535	4	2
2536	2	4
2537	3	3
2538	2	5
2539	0	1
2540	1	5
2541	1	5
2542	1	2
2543	5	1
2544	2	1
2545	1	2
2546	1	1
2547	6	2
2548	2	2
2549	3	1
2550	1	6
2551	2	1
2552	3	5
2553	2	3
2554	0	2
2555	3	2
2556	2	1
2557	3	3
2558	3	4
2559	6	4
2560	0	2
2561	4	3
2562	3	1
2563	3	1
2564	5	1
2565	3	2
2566	4	2
2567	0	5
2568	3	2
2569	4	2
2570	3	1
2571	2	2
2572	3	3
2573	3	2
2574	2	3
2575	2	3
2576	3	2
2577	5	4
2578	0	3
2579	3	0
2580	5	3
2581	7	6
2582	2	4
2583	6	1
2584	4	3
2585	7	4
2586	4	0
2587	3	1
2588	2	3
2589	3	3
2590	5	2
2591	2	2
2592	1	2
2593	2	0
2594	3	5
2595	5	3
2596	0	1
2597	5	2
2598	6	1
2599	2	3
2600	1	3
2601	2	2
2602	4	1
2603	0	3
2604	2	0
2605	3	1
2606	4	4
2607	1	0
2608	1	1
2609	7	0
2610	4	3
2611	2	2
2612	1	2
2613	4	3
2614	3	3
2615	5	1
2616	2	1
2617	1	2
2618	4	1
2619	1	1
2620	1	2
2621	5	3
2622	4	2
2623	2	1
2624	5	2
2625	2	1
2626	6	2
2627	4	3
2628	1	1
2629	5	3
2630	4	5
2631	1	0
2632	4	1
2633	6	2
2634	5	1
2635	5	2
2636	2	0
2637	4	1
2638	4	2
2639	4	3
2640	5	1
2641	3	4
2642	1	4
2643	4	3
2644	2	1
2645	7	4
2646	3	7
2647	6	3
2648	4	4
2649	2	1
2650	6	4
2651	2	0
2652	3	2
2653	4	2
2654	4	1
2655	2	3
2656	2	2
2657	5	2
2658	6	2
2659	3	3
2660	10	1
2661	2	1
2662	2	0
2663	5	2
2664	4	1
2665	4	1
2666	0	3
2667	5	1
2668	6	1
2669	4	0
2670	6	1
2671	9	0
2672	3	1
2673	7	1
2674	4	2
2675	6	2
2676	3	2
2677	4	3
2678	5	0
2679	2	1
2680	4	2
2681	6	5
2682	2	0
2683	7	2
2684	1	0
2685	4	2
2686	4	3
2687	1	0
2688	6	2
2689	4	0
2690	4	6
2691	5	2
2692	7	5
2693	5	2
2694	4	4
2695	5	3
2696	7	0
2697	5	1
2698	8	0
2699	6	0
2700	9	3
2701	7	3
2702	6	0
2703	3	2
2704	4	2
2705	6	2
2706	5	1
2707	6	2
2708	4	1
2709	1	1
2710	3	1
2711	4	0
2712	5	0
2713	5	1
2714	4	3
2715	3	1
2716	2	1
2717	5	5
2718	4	1
2719	2	1
2720	7	1
2721	8	2
2722	1	0
2723	4	1
2724	4	3
2725	3	0
2726	4	4
2727	4	1
2728	2	3
2729	7	0
2730	7	3
2731	2	1
2732	4	2
2733	6	1
2734	5	3
2735	5	2
2736	6	1
2737	3	1
2738	3	5
2739	2	2
2740	3	1
2741	4	1
2742	4	1
2743	7	1
2744	3	4
2745	6	1
2746	4	2
2747	6	0
2748	6	1
2749	4	0
2750	5	2
2751	8	3
2752	6	4
2753	5	2
2754	2	2
2755	4	2
2756	1	0
2757	3	4
2758	4	1
2759	4	2
2760	1	1
2761	2	3
2762	4	1
2763	2	1
2764	5	3
2765	4	1
2766	12	2
2767	4	0
2768	2	1
2769	5	1
2770	8	3
2771	5	1
2772	2	2
2773	5	4
2774	2	1
2775	8	3
2776	1	1
2777	4	0
2778	4	2
2779	0	0
2780	4	0
2781	3	3
2782	5	1
2783	7	2
2784	4	1
2785	1	2
2786	2	0
2787	6	2
2788	4	2
2789	2	0
2790	4	1
2791	2	2
2792	5	2
2793	5	0
2794	4	1
2795	2	1
2796	4	0
2797	1	2
2798	2	1
2799	2	0
2800	2	0
2801	5	1
2802	2	6
2803	2	4
2804	2	0
2805	2	2
2806	2	1
2807	5	2
2808	1	1
2809	1	1
2810	3	1
2811	3	0
2812	1	0
2813	2	1
2814	3	0
2815	3	2
2816	1	2
2817	0	2
2818	2	0
2819	1	2
2820	1	0
2821	4	1
2822	3	0
2823	0	2
2824	4	1
2825	2	2
2826	3	1
2827	1	2
2828	5	2
2829	2	1
2830	1	4
2831	0	2
2832	2	2
2833	4	1
2834	4	0
2835	4	2
2836	4	1
2837	2	0
2838	1	0
2839	2	1
2840	0	1
2841	2	3
2842	3	1
2843	1	1
2844	1	0
2845	5	0
2846	4	0
2847	1	0
2848	1	4
2849	2	3
2850	1	3
2851	2	1
2852	1	3
2853	2	1
2854	0	0
2855	2	0
2856	1	1
2857	1	0
2858	2	0
2859	2	0
2860	4	2
2861	0	1
2862	2	0
2863	2	1
2864	3	0
2865	3	1
2866	1	1
2867	2	1
2868	1	1
2869	3	2
2870	0	0
2871	0	2
2872	2	1
2873	3	3
2874	0	1
2875	2	1
2876	0	0
2877	2	1
2878	3	1
2879	0	0
2880	1	0
2881	2	2
2882	1	0
2883	2	1
2884	0	1
2885	2	1
2886	3	0
2887	1	0
2888	0	3
2889	1	1
2890	1	0
2891	1	1
2892	0	1
2893	1	1
2894	2	0
2895	1	1
2896	1	2
2897	2	1
2898	2	0
2899	1	1
2900	2	0
2901	1	1
2902	3	1
2903	1	0
2904	1	1
2905	1	0
2906	1	2
2907	0	0
2908	2	0
2909	1	1
2910	3	0
2911	0	0
2912	2	2
2913	0	2
2914	2	1
2915	0	1
2916	2	3
2917	0	2
2918	0	2
2919	0	0
2920	0	1
2921	1	0
2922	1	1
2923	1	0
2924	0	1
2925	0	1
2926	1	2
2927	0	1
2928	0	1
2929	2	1
2930	1	1
2931	0	0
2932	3	1
2933	4	1
2934	2	0
2935	1	0
2936	0	1
2937	0	0
2938	1	3
2939	3	1
2940	0	0
2941	0	2
2942	3	3
2943	2	0
2944	0	2
2945	0	0
2946	1	0
2947	4	0
2948	1	0
2949	3	1
2950	0	0
2951	0	2
2952	0	2
2953	1	3
2954	2	3
2955	1	0
2956	1	1
2957	3	0
2958	1	0
2959	0	1
2960	1	2
2961	0	1
2962	0	0
2963	1	1
2964	2	1
2965	4	0
2966	0	0
2967	1	0
2968	3	0
2969	0	0
2970	1	3
2971	0	3
2972	2	1
2973	1	0
2974	3	3
2975	1	2
2976	1	2
2977	1	3
2978	2	3
2979	1	2
2980	1	0
2981	0	0
2982	2	0
2983	2	1
2984	1	0
2985	2	2
2986	1	2
2987	3	1
2988	0	0
2989	3	3
2990	0	3
2991	2	0
2992	0	1
2993	0	1
2994	1	0
2995	3	2
2996	1	0
2997	0	2
2998	1	0
2999	1	2
3000	0	0
3001	1	3
3002	2	0
3003	2	1
3004	2	0
3005	0	1
3006	3	0
3007	3	0
3008	0	1
3009	1	0
3010	0	0
3011	1	2
3012	1	2
3013	1	4
3014	2	0
3015	0	1
3016	1	2
3017	2	2
3018	4	1
3019	0	1
3020	2	2
3021	1	2
3022	0	1
3023	0	0
3024	0	2
3025	0	0
3026	3	0
3027	0	1
3028	2	0
3029	1	2
3030	1	0
3031	2	4
3032	2	0
3033	2	1
3034	0	1
3035	2	2
3036	0	0
3037	2	1
3038	1	0
3039	1	1
3040	1	0
3041	3	1
3042	1	2
3043	1	0
3044	0	0
3045	2	1
3046	2	0
3047	4	1
3048	1	1
3049	1	1
3050	2	0
3051	1	2
3052	5	1
3053	1	1
3054	2	0
3055	0	1
3056	3	0
3057	1	2
3058	3	0
3059	0	1
3060	0	0
3061	2	0
3062	1	3
3063	0	1
3064	1	1
3065	1	2
3066	0	1
3067	1	1
3068	1	1
3069	2	3
3070	0	2
3071	0	2
3072	0	2
3073	1	2
3074	2	0
3075	2	1
3076	1	2
3077	0	1
3078	1	1
3079	3	2
3080	1	2
3081	0	1
3082	2	1
3083	0	1
3084	1	1
3085	3	2
3086	1	0
3087	0	0
3088	1	4
3089	1	1
3090	0	1
3091	1	4
3092	2	1
3093	3	2
3094	2	3
3095	2	1
3096	1	1
3097	1	0
3098	0	0
3099	0	1
3100	0	0
3101	2	2
3102	3	2
3103	2	1
3104	1	1
3105	1	0
3106	5	0
3107	2	0
3108	1	0
3109	2	0
3110	0	1
3111	2	1
3112	3	1
3113	1	2
3114	1	1
3115	1	0
3116	0	1
3117	1	0
3118	0	2
3119	0	1
3120	1	2
3121	0	2
3122	0	3
3123	2	0
3124	1	0
3125	3	3
3126	1	1
3127	0	2
3128	2	1
3129	1	1
3130	0	1
3131	1	0
3132	0	1
3133	1	2
3134	1	0
3135	0	1
3136	0	0
3137	2	2
3138	0	0
3139	0	1
3140	0	0
3141	0	0
3142	2	1
3143	0	1
3144	0	0
3145	0	1
3146	2	1
3147	2	0
3148	0	1
3149	0	1
3150	1	0
3151	1	0
3152	1	1
3153	0	1
3154	4	1
3155	2	2
3156	1	1
3157	2	0
3158	1	0
3159	1	1
3160	0	2
3161	2	0
3162	0	1
3163	1	0
3164	0	1
3165	1	1
3166	2	0
3167	0	1
3168	1	1
3169	0	0
3170	1	2
3171	2	0
3172	1	1
3173	3	4
3174	1	2
3175	0	1
3176	3	1
3177	2	2
3178	2	2
3179	1	2
3180	0	1
3181	2	2
3182	1	1
3183	3	0
3184	0	2
3185	0	1
3186	1	2
3187	0	1
3188	2	0
3189	1	0
3190	1	1
3191	0	0
3192	1	0
3193	1	1
3194	1	1
3195	1	1
3196	1	3
3197	1	1
3198	2	0
3199	1	1
3200	1	2
3201	0	1
3202	0	1
3203	2	0
3204	0	0
3205	0	2
3206	2	0
3207	0	2
3208	0	2
3209	3	1
3210	0	4
3211	1	0
3212	1	2
3213	1	2
3214	1	1
3215	0	1
3216	1	2
3217	0	5
3218	2	0
3219	0	1
3220	1	0
3221	1	0
3222	1	2
3223	0	0
3224	0	0
3225	1	2
3226	0	1
3227	2	2
3228	0	1
3229	1	0
3230	0	2
3231	1	1
3232	0	0
3233	2	0
3234	0	1
3235	1	0
3236	0	1
3237	1	1
3238	1	0
3239	0	0
3240	1	0
3241	2	1
3242	1	1
3243	0	1
3244	1	1
3245	0	0
3246	0	0
3247	0	0
3248	0	1
3249	1	1
3250	1	0
3251	2	0
3252	0	1
3253	0	1
3254	0	0
3255	1	0
3256	0	0
3257	1	0
3258	3	3
3259	2	0
3260	1	1
3261	0	2
3262	0	1
3263	0	1
3264	2	2
3265	1	1
3266	1	1
3267	1	0
3268	0	0
3269	1	0
3270	1	1
3271	1	2
3272	0	0
3273	1	0
3274	2	1
3275	0	1
3276	0	0
3277	0	0
3278	1	0
3279	0	0
3280	1	2
3281	1	3
3282	0	2
3283	1	1
3284	0	0
3285	1	3
3286	1	1
3287	1	0
3288	1	1
3289	0	1
3290	2	2
3291	1	1
3292	0	0
3293	1	1
3294	1	1
3295	2	0
3296	0	1
3297	0	1
3298	0	1
3299	1	0
3300	2	3
3301	1	0
3302	0	1
3303	0	0
3304	1	1
3305	1	0
3306	2	1
3307	0	1
3308	2	1
3309	1	0
3310	1	2
3311	0	0
3312	1	1
3313	1	1
3314	0	2
3315	0	1
3316	1	1
3317	0	0
3318	2	0
3319	1	3
3320	0	0
3321	1	1
3322	0	0
3323	0	0
3324	2	1
3325	1	1
3326	0	1
3327	0	1
3328	0	1
3329	0	1
3330	1	2
3331	0	2
3332	1	1
3333	0	1
3334	1	0
3335	1	3
3336	1	0
3337	2	1
3338	0	0
3339	1	1
3340	1	0
3341	0	3
3342	0	1
3343	1	1
3344	0	0
3345	2	1
3346	0	2
3347	0	1
3348	1	2
3349	1	0
3350	2	0
3351	1	0
3352	0	0
3353	2	5
3354	2	3
3355	0	0
3356	0	2
3357	1	0
3358	0	1
3359	1	2
3360	0	0
3361	0	1
3362	1	1
3363	0	1
3364	0	0
3365	2	0
3366	0	1
3367	0	3
3368	1	0
3369	1	3
3370	1	1
3371	0	1
3372	1	3
3373	1	2
3374	1	0
3375	0	2
3376	2	1
3377	0	1
3378	0	2
3379	0	2
3380	1	0
3381	1	2
3382	1	0
3383	1	0
3384	1	0
3385	0	1
3386	1	2
3387	0	1
3388	0	1
3389	1	0
3390	1	1
3391	0	0
3392	0	0
3393	1	1
3394	2	1
3395	0	0
3396	0	2
3397	0	0
3398	0	1
3399	0	0
3400	1	0
3401	2	1
3402	2	3
3403	0	0
3404	1	1
3405	0	0
3406	1	0
3407	0	1
3408	0	2
3409	1	1
3410	0	0
3411	1	1
3412	1	2
3413	1	1
3414	0	0
3415	0	1
3416	1	2
3417	1	1
3418	1	2
3419	1	4
3420	1	3
3421	1	1
3422	1	0
3423	1	0
3424	1	0
3425	0	1
3426	0	1
3427	0	0
3428	0	1
3429	1	3
3430	0	0
3431	1	0
3432	0	0
3433	0	0
3434	1	0
3435	0	0
3436	0	0
3437	0	0
3438	0	1
3439	1	1
3440	2	0
3441	1	0
3442	2	2
3443	1	2
3444	0	0
3445	0	0
3446	0	2
3447	1	0
3448	0	1
3449	1	0
3450	0	0
3451	0	3
3452	1	0
3453	0	0
3454	1	0
3455	1	0
3456	1	1
3457	0	0
3458	0	2
3459	2	0
3460	1	0
3461	0	1
3462	1	0
3463	1	0
3464	1	2
3465	0	0
3466	0	2
3467	2	0
3468	0	0
3469	1	0
3470	1	0
3471	0	0
3472	1	1
3473	0	0
3474	0	1
3475	1	1
3476	0	1
3477	1	0
3478	0	1
3479	1	1
3480	2	1
3481	2	2
3482	0	0
3483	1	2
3484	0	0
3485	1	0
3486	1	1
3487	0	0
3488	0	1
3489	1	0
3490	1	1
3491	1	2
3492	0	1
3493	2	0
3494	0	0
3495	2	1
3496	1	0
3497	1	1
3498	0	0
3499	1	0
3500	0	1
3501	0	2
3502	4	0
3503	0	0
3504	1	3
3505	0	0
3506	1	1
3507	1	3
3508	2	0
3509	0	0
3510	0	1
3511	0	0
3512	2	1
3513	0	0
3514	0	1
3515	0	0
3516	0	0
3517	0	1
3518	0	0
3519	1	1
3520	1	0
3521	0	0
3522	1	0
3523	0	1
3524	1	2
3525	0	0
3526	1	0
3527	0	1
3528	1	2
3529	0	0
3530	0	3
3531	1	1
3532	0	1
3533	0	0
3534	0	0
3535	0	0
3536	2	0
3537	1	2
3538	1	1
3539	0	0
3540	1	0
3541	0	0
3542	1	1
3543	0	0
3544	0	1
3545	2	1
3546	0	1
3547	1	1
3548	0	3
3549	2	0
3550	0	1
3551	1	1
3552	0	0
3553	0	0
3554	0	0
3555	1	3
3556	0	0
3557	1	1
3558	0	0
3559	1	0
3560	0	1
3561	0	0
3562	0	1
3563	2	0
3564	0	1
3565	0	0
3566	2	0
3567	1	0
3568	1	1
3569	1	0
3570	1	0
3571	0	0
3572	0	2
3573	1	2
3574	0	0
3575	0	0
3576	0	0
3577	0	1
3578	0	0
3579	1	1
3580	1	0
3581	0	0
3582	0	0
3583	1	1
3584	1	2
3585	0	0
3586	1	0
3587	0	1
3588	0	3
3589	0	0
3590	2	1
3591	0	1
3592	0	0
3593	0	2
3594	1	0
3595	0	0
3596	0	0
3597	0	0
3598	0	0
3599	0	0
3600	0	0
3601	1	1
3602	0	1
3603	0	1
3604	0	2
3605	0	0
3606	2	2
3607	0	0
3608	1	2
3609	0	0
3610	0	0
3611	1	1
3612	0	0
3613	0	0
3614	0	1
3615	0	0
3616	1	0
3617	0	0
3618	0	1
3619	1	0
3620	1	1
3621	1	0
3622	1	0
3623	0	0
3624	0	0
3625	0	0
3626	0	0
3627	0	0
3628	0	0
3629	0	0
3630	2	0
3631	1	0
3632	0	0
3633	1	1
3634	0	1
3635	0	1
3636	0	0
3637	1	0
3638	0	0
3639	0	1
3640	0	0
3641	1	1
3642	0	0
3643	1	1
3644	0	0
3645	0	2
3646	0	0
3647	0	1
3648	1	1
3649	0	1
3650	2	4
3651	1	0
3652	1	1
3653	1	0
3654	0	0
3655	0	0
3656	0	0
3657	0	1
3658	2	0
3659	0	1
3660	1	0
3661	0	2
3662	0	0
3663	3	1
3664	1	1
3665	0	3
3666	0	0
3667	2	0
3668	0	0
3669	1	2
3670	0	0
3671	0	0
3672	0	0
3673	2	0
3674	0	0
3675	1	0
3676	0	0
3677	0	0
3678	0	0
3679	1	0
3680	0	0
3681	0	0
3682	0	0
3683	0	0
3684	0	0
3685	1	0
3686	0	0
3687	0	0
3688	0	0
3689	1	0
3690	0	0
3691	0	0
3692	0	1
3693	0	0
3694	0	1
3695	1	0
3696	0	0
3697	0	0
3698	0	0
3699	1	1
3700	0	2
3701	0	2
3702	1	2
3703	1	0
3704	0	0
3705	0	2
3706	1	0
3707	1	2
3708	1	0
3709	1	0
3710	1	1
3711	1	0
3712	0	0
3713	0	0
3714	0	1
3715	0	1
3716	1	1
3717	1	1
3718	0	1
3719	0	2
3720	1	2
3721	1	1
3722	0	2
3723	0	0
3724	0	2
3725	2	1
3726	1	4
3727	0	2
3728	0	0
3729	1	0
3730	0	0
3731	0	2
3732	0	0
3733	0	0
3734	1	1
3735	2	1
3736	0	0
3737	0	0
3738	0	1
3739	0	0
3740	1	1
3741	0	0
3742	2	0
3743	0	2
3744	1	1
3745	0	0
3746	0	0
3747	1	0
3748	2	1
3749	0	0
3750	0	1
3751	1	0
3752	1	1
3753	2	0
3754	2	0
3755	0	0
3756	1	0
3757	0	1
3758	0	1
3759	0	1
3760	0	1
3761	1	0
3762	0	1
3763	0	0
3764	1	0
3765	2	0
3766	0	0
3767	0	0
3768	1	0
3769	2	0
3770	1	0
3771	0	0
3772	0	1
3773	0	1
3774	0	0
3775	0	0
3776	0	0
3777	2	0
3778	1	1
3779	0	1
3780	0	0
3781	0	0
3782	0	0
3783	0	0
3784	0	0
3785	0	0
3786	0	1
3787	1	1
3788	2	0
3789	1	1
3790	3	0
3791	0	0
3792	5	0
3793	1	0
3794	1	0
3795	0	0
3796	1	1
3797	0	0
3798	1	1
3799	0	1
3800	0	0
3801	1	0
3802	1	1
3803	2	0
3804	0	1
3805	0	0
3806	2	0
3807	0	1
3808	0	1
3809	0	0
3810	0	0
3811	0	0
3812	0	0
3813	0	0
3814	0	0
3815	0	0
3816	0	1
3817	0	0
3818	1	1
3819	1	0
3820	0	1
3821	0	1
3822	2	0
3823	1	0
3824	0	0
3825	0	0
3826	3	1
3827	0	0
3828	1	0
3829	0	1
3830	0	1
3831	0	1
3832	1	0
3833	0	1
3834	0	1
3835	1	0
3836	1	1
3837	0	0
3838	0	0
3839	0	0
3840	0	1
3841	0	0
3842	1	0
3843	0	1
3844	3	2
3845	0	1
3846	0	1
3847	1	0
3848	0	0
3849	1	0
3850	0	0
3851	1	0
3852	1	1
3853	1	0
3854	0	2
3855	1	0
3856	1	0
3857	0	1
3858	1	1
3859	0	0
3860	2	1
3861	1	0
3862	1	0
3863	0	0
3864	0	1
3865	1	1
3866	0	0
3867	0	0
3868	3	0
3869	1	0
3870	1	0
3871	0	0
3872	0	0
3873	0	0
3874	0	0
3875	0	0
3876	0	0
3877	0	0
3878	0	0
3879	0	0
3880	0	0
3881	0	0
3882	1	0
3883	1	0
3884	0	0
3885	0	1
3886	0	1
3887	0	0
3888	1	0
3889	0	0
3890	0	0
3891	0	1
3892	1	0
3893	0	0
3894	0	2
3895	1	0
3896	0	1
3897	0	0
3898	0	0
3899	0	0
3900	0	1
3901	0	0
3902	0	0
3903	0	1
3904	1	0
3905	0	1
3906	0	0
3907	0	0
3908	0	0
3909	1	0
3910	0	0
3911	0	1
3912	0	0
3913	0	2
3914	0	0
3915	0	0
3916	0	0
3917	0	0
3918	0	0
3919	0	0
3920	0	0
3921	0	0
3922	0	1
3923	0	1
3924	2	0
3925	0	0
3926	0	0
3927	0	0
3928	1	0
3929	0	1
3930	0	1
3931	0	0
3932	0	0
3933	1	0
3934	0	0
3935	0	1
3936	0	0
3937	0	0
3938	0	0
3939	0	0
3940	0	0
3941	1	0
3942	1	0
3943	1	0
3944	0	1
3945	0	1
3946	0	1
3947	0	0
3948	0	0
3949	1	2
3950	0	0
3951	0	1
3952	0	0
3953	0	0
3954	0	0
3955	0	0
3956	0	0
3957	0	1
3958	0	0
3959	0	0
3960	0	0
3961	0	1
3962	0	1
3963	0	0
3964	0	0
3965	0	0
3966	0	0
3967	0	0
3968	0	0
3969	0	0
3970	1	1
3971	0	0
3972	0	0
3973	0	0
3974	0	0
3975	0	0
3976	1	0
3977	1	1
3978	0	0
3979	0	1
3980	0	0
3981	2	0
3982	0	0
3983	0	0
3984	1	1
3985	1	0
3986	0	0
3987	1	0
3988	0	0
3989	1	0
3990	0	0
3991	0	0
3992	1	0
3993	0	1
3994	0	0
3995	0	1
3996	0	1
3997	1	1
3998	0	0
3999	0	1
4000	0	0
