Position, Run #3
Time ( s )	Position ( m )
0,0000	0,000
0,0400	0,000
0,0800	0,000
0,1200	0,000
0,1600	0,000
0,2000	0,000
0,2400	0,000
0,2800	0,000
0,3200	0,000
0,3600	0,000
0,4000	0,000
0,4400	0,000
0,4800	0,000
0,5200	0,000
0,5600	0,000
0,6000	0,000
0,6400	0,000
0,6800	0,000
0,7200	0,000
0,7600	0,000
0,8000	0,000
0,8400	0,000
0,8800	0,000
0,9200	0,000
0,9600	0,000
1,0000	0,000
1,0400	0,000
1,0800	0,000
1,1200	0,000
1,1600	0,000
1,2000	0,000
1,2400	0,000
1,2800	0,000
1,3200	0,000
1,3600	0,000
1,4000	0,000
1,4400	0,000
1,4800	0,000
1,5200	0,000
1,5600	0,000
1,6000	0,000
1,6400	0,000
1,6800	0,000
1,7200	0,000
1,7600	0,000
1,8000	0,000
1,8400	0,000
1,8800	0,000
1,9200	0,000
1,9600	0,000
2,0000	0,000
2,0400	0,000
2,0800	0,000
2,1200	0,000
2,1600	0,000
2,2000	0,000
2,2400	0,000
2,2800	0,000
2,3200	0,000
2,3600	0,000
2,4000	0,000
2,4400	0,000
2,4800	0,000
2,5200	0,000
2,5600	0,000
2,6000	0,000
2,6400	0,000
2,6800	0,000
2,7200	0,000
2,7600	0,000
2,8000	4,167E-4
2,8400	4,167E-4
2,8800	4,167E-4
2,9200	4,167E-4
2,9600	4,167E-4
3,0000	4,167E-4
3,0400	4,167E-4
3,0800	4,167E-4
3,1200	4,167E-4
3,1600	4,167E-4
3,2000	4,167E-4
3,2400	4,167E-4
3,2800	0,000
3,3200	0,000
3,3600	0,000
3,4000	0,000
3,4400	0,000
3,4800	-4,167E-4
3,5200	-4,167E-4
3,5600	-4,167E-4
3,6000	-8,333E-4
3,6400	-0,001
3,6800	-0,002
3,7200	-0,003
3,7600	-0,004
3,8000	-0,005
3,8400	-0,005
3,8800	-0,006
3,9200	-0,008
3,9600	-0,010
4,0000	-0,012
4,0400	-0,015
4,0800	-0,018
4,1200	-0,020
4,1600	-0,023
4,2000	-0,027
4,2400	-0,030
4,2800	-0,033
4,3200	-0,037
4,3600	-0,040
4,4000	-0,044
4,4400	-0,047
4,4800	-0,051
4,5200	-0,055
4,5600	-0,058
4,6000	-0,063
4,6400	-0,067
4,6800	-0,071
4,7200	-0,076
4,7600	-0,080
4,8000	-0,085
4,8400	-0,089
4,8800	-0,094
4,9200	-0,098
4,9600	-0,101
5,0000	-0,104
5,0400	-0,107
5,0800	-0,109
5,1200	-0,111
5,1600	-0,112
5,2000	-0,113
5,2400	-0,112
5,2800	-0,111
5,3200	-0,110
5,3600	-0,108
5,4000	-0,105
5,4400	-0,103
5,4800	-0,099
5,5200	-0,096
5,5600	-0,092
5,6000	-0,088
5,6400	-0,083
5,6800	-0,079
5,7200	-0,075
5,7600	-0,071
5,8000	-0,067
5,8400	-0,063
5,8800	-0,060
5,9200	-0,057
5,9600	-0,055
6,0000	-0,052
6,0400	-0,051
6,0800	-0,050
6,1200	-0,050
6,1600	-0,050
6,2000	-0,050
6,2400	-0,052
6,2800	-0,053
6,3200	-0,056
6,3600	-0,058
6,4000	-0,061
6,4400	-0,065
6,4800	-0,068
6,5200	-0,072
6,5600	-0,076
6,6000	-0,080
6,6400	-0,084
6,6800	-0,088
6,7200	-0,091
6,7600	-0,095
6,8000	-0,098
6,8400	-0,100
6,8800	-0,103
6,9200	-0,105
6,9600	-0,106
7,0000	-0,107
7,0400	-0,108
7,0800	-0,108
7,1200	-0,107
7,1600	-0,105
7,2000	-0,104
7,2400	-0,102
7,2800	-0,099
7,3200	-0,097
7,3600	-0,093
7,4000	-0,090
7,4400	-0,087
7,4800	-0,083
7,5200	-0,080
7,5600	-0,076
7,6000	-0,073
7,6400	-0,069
7,6800	-0,066
7,7200	-0,063
7,7600	-0,061
7,8000	-0,059
7,8400	-0,057
7,8800	-0,056
7,9200	-0,055
7,9600	-0,055
8,0000	-0,055
8,0400	-0,055
8,0800	-0,056
8,1200	-0,058
8,1600	-0,060
8,2000	-0,062
8,2400	-0,065
8,2800	-0,067
8,3200	-0,070
8,3600	-0,073
8,4000	-0,077
8,4400	-0,080
8,4800	-0,083
8,5200	-0,086
8,5600	-0,089
8,6000	-0,092
8,6400	-0,095
8,6800	-0,097
8,7200	-0,099
8,7600	-0,100
8,8000	-0,102
8,8400	-0,103
8,8800	-0,103
8,9200	-0,103
8,9600	-0,102
9,0000	-0,101
9,0400	-0,100
9,0800	-0,098
9,1200	-0,096
9,1600	-0,094
9,2000	-0,091
9,2400	-0,088
9,2800	-0,086
9,3200	-0,083
9,3600	-0,080
9,4000	-0,077
9,4400	-0,074
9,4800	-0,071
9,5200	-0,069
9,5600	-0,066
9,6000	-0,064
9,6400	-0,063
9,6800	-0,061
9,7200	-0,060
9,7600	-0,059
9,8000	-0,059
9,8400	-0,059
9,8800	-0,060
9,9200	-0,060
9,9600	-0,062
10,0000	-0,063
10,0400	-0,065
10,0800	-0,067
10,1200	-0,069
10,1600	-0,072
10,2000	-0,074
10,2400	-0,077
10,2800	-0,080
10,3200	-0,082
10,3600	-0,085
10,4000	-0,088
10,4400	-0,090
10,4800	-0,092
10,5200	-0,094
10,5600	-0,095
10,6000	-0,096
10,6400	-0,098
10,6800	-0,098
10,7200	-0,098
10,7600	-0,098
10,8000	-0,098
10,8400	-0,097
10,8800	-0,096
10,9200	-0,095
10,9600	-0,093
11,0000	-0,091
11,0400	-0,089
11,0800	-0,087
11,1200	-0,085
11,1600	-0,082
11,2000	-0,080
11,2400	-0,078
11,2800	-0,075
11,3200	-0,073
11,3600	-0,071
11,4000	-0,069
11,4400	-0,068
11,4800	-0,066
11,5200	-0,065
11,5600	-0,064
11,6000	-0,064
11,6400	-0,063
11,6800	-0,063
11,7200	-0,064
11,7600	-0,065
11,8000	-0,065
11,8400	-0,067
11,8800	-0,068
11,9200	-0,070
11,9600	-0,072
12,0000	-0,073
12,0400	-0,075
12,0800	-0,078
12,1200	-0,080
12,1600	-0,082
12,2000	-0,084
12,2400	-0,085
12,2800	-0,088
12,3200	-0,089
12,3600	-0,090
12,4000	-0,092
12,4400	-0,093
12,4800	-0,093
12,5200	-0,094
12,5600	-0,094
12,6000	-0,094
12,6400	-0,093
12,6800	-0,093
12,7200	-0,092
12,7600	-0,091
12,8000	-0,090
12,8400	-0,088
12,8800	-0,087
12,9200	-0,085
12,9600	-0,083
13,0000	-0,081
13,0400	-0,080
13,0800	-0,078
13,1200	-0,076
13,1600	-0,075
13,2000	-0,073
13,2400	-0,072
13,2800	-0,070
13,3200	-0,070
13,3600	-0,069
13,4000	-0,068
13,4400	-0,068
13,4800	-0,068
13,5200	-0,068
13,5600	-0,068
13,6000	-0,069
13,6400	-0,070
13,6800	-0,070
13,7200	-0,072
13,7600	-0,073
13,8000	-0,074
13,8400	-0,075
13,8800	-0,077
13,9200	-0,079
13,9600	-0,080
14,0000	-0,082
14,0400	-0,083
14,0800	-0,085
14,1200	-0,086
14,1600	-0,087
14,2000	-0,088
14,2400	-0,089
14,2800	-0,089
14,3200	-0,090
14,3600	-0,090
14,4000	-0,090
14,4400	-0,090
14,4800	-0,090
14,5200	-0,089
14,5600	-0,088
14,6000	-0,088
14,6400	-0,086
14,6800	-0,085
14,7200	-0,084
14,7600	-0,083
14,8000	-0,082
14,8400	-0,080
14,8800	-0,079
14,9200	-0,078
14,9600	-0,077
15,0000	-0,076
15,0400	-0,075
15,0800	-0,074
15,1200	-0,073
15,1600	-0,073
15,2000	-0,072
15,2400	-0,072
15,2800	-0,072
15,3200	-0,072
15,3600	-0,072
15,4000	-0,072
15,4400	-0,073
15,4800	-0,073
15,5200	-0,074
15,5600	-0,075
15,6000	-0,076
15,6400	-0,077
15,6800	-0,078
15,7200	-0,079
15,7600	-0,080
15,8000	-0,081
15,8400	-0,082
15,8800	-0,083
15,9200	-0,083
15,9600	-0,084
16,0000	-0,085
16,0400	-0,085
16,0800	-0,086
16,1200	-0,086
16,1600	-0,086
16,2000	-0,086
16,2400	-0,086
16,2800	-0,086
16,3200	-0,085
16,3600	-0,085
16,4000	-0,085
16,4400	-0,084
16,4800	-0,083
16,5200	-0,083
16,5600	-0,082
16,6000	-0,081
16,6400	-0,080
16,6800	-0,080
16,7200	-0,079
16,7600	-0,078
16,8000	-0,078
16,8400	-0,077
16,8800	-0,076
16,9200	-0,076
16,9600	-0,075
17,0000	-0,075
17,0400	-0,075
17,0800	-0,075
17,1200	-0,075
17,1600	-0,075
17,2000	-0,075
17,2400	-0,076
17,2800	-0,076
17,3200	-0,077
17,3600	-0,077
17,4000	-0,078
17,4400	-0,078
17,4800	-0,079
17,5200	-0,079
17,5600	-0,080
17,6000	-0,080
17,6400	-0,081
17,6800	-0,081
17,7200	-0,082
17,7600	-0,082
17,8000	-0,083
17,8400	-0,083
17,8800	-0,083
17,9200	-0,083
17,9600	-0,083
18,0000	-0,083
18,0400	-0,083
18,0800	-0,083
18,1200	-0,083
18,1600	-0,082
18,2000	-0,082
18,2400	-0,082
18,2800	-0,081
18,3200	-0,081
18,3600	-0,080
18,4000	-0,080
18,4400	-0,080
18,4800	-0,080
18,5200	-0,079
18,5600	-0,079
18,6000	-0,079
18,6400	-0,078
18,6800	-0,078
18,7200	-0,078
18,7600	-0,078
18,8000	-0,078
18,8400	-0,078
18,8800	-0,078
18,9200	-0,078
18,9600	-0,078
19,0000	-0,078
19,0400	-0,078
19,0800	-0,079
19,1200	-0,079
19,1600	-0,079
19,2000	-0,079
19,2400	-0,079
19,2800	-0,080
19,3200	-0,080
19,3600	-0,080
19,4000	-0,080
19,4400	-0,080
19,4800	-0,080
19,5200	-0,080
19,5600	-0,080
19,6000	-0,080
19,6400	-0,080
19,6800	-0,080
19,7200	-0,080
19,7600	-0,080
19,8000	-0,080
19,8400	-0,080
19,8800	-0,080
19,9200	-0,080
19,9600	-0,080
20,0000	-0,080
20,0400	-0,080
20,0800	-0,080
20,1200	-0,080
20,1600	-0,080
20,2000	-0,080
20,2400	-0,080
20,2800	-0,080
20,3200	-0,080
20,3600	-0,080
20,4000	-0,080
20,4400	-0,080
20,4800	-0,080
20,5200	-0,080
20,5600	-0,080
20,6000	-0,080
20,6400	-0,080
20,6800	-0,080
20,7200	-0,080
20,7600	-0,080
20,8000	-0,080
20,8400	-0,080
20,8800	-0,080
20,9200	-0,080
20,9600	-0,080
21,0000	-0,080
21,0400	-0,080
21,0800	-0,080
21,1200	-0,080
21,1600	-0,080
21,2000	-0,080
21,2400	-0,080
21,2800	-0,080
21,3200	-0,080
21,3600	-0,080
21,4000	-0,080
21,4400	-0,080
21,4800	-0,080
21,5200	-0,080
21,5600	-0,080
21,6000	-0,080
21,6400	-0,080
21,6800	-0,080
21,7200	-0,080
21,7600	-0,080
21,8000	-0,080
21,8400	-0,080
21,8800	-0,080
21,9200	-0,080
21,9600	-0,080
22,0000	-0,080
22,0400	-0,080
22,0800	-0,080
22,1200	-0,080
22,1600	-0,080
22,2000	-0,080
22,2400	-0,080
22,2800	-0,080
22,3200	-0,080
22,3600	-0,080
22,4000	-0,080
22,4400	-0,080
22,4800	-0,080
22,5200	-0,080
22,5600	-0,080
22,6000	-0,080
22,6400	-0,080
22,6800	-0,080
22,7200	-0,080
22,7600	-0,080
22,8000	-0,080
22,8400	-0,080
22,8800	-0,080
22,9200	-0,080
22,9600	-0,080
23,0000	-0,080
23,0400	-0,080
23,0800	-0,080
23,1200	-0,080
23,1600	-0,080
23,2000	-0,080
23,2400	-0,080
23,2800	-0,080
23,3200	-0,080
23,3600	-0,080
23,4000	-0,080
23,4400	-0,080
23,4800	-0,080
23,5200	-0,080
23,5600	-0,080
23,6000	-0,080
23,6400	-0,080
23,6800	-0,080
23,7200	-0,080
23,7600	-0,080
23,8000	-0,080
23,8400	-0,080
23,8800	-0,080
23,9200	-0,080
23,9600	-0,080
24,0000	-0,080
24,0400	-0,080
24,0800	-0,080
24,1200	-0,080
24,1600	-0,080
24,2000	-0,080
24,2400	-0,080
24,2800	-0,080
24,3200	-0,080
24,3600	-0,080
24,4000	-0,080
24,4400	-0,080
24,4800	-0,080
24,5200	-0,080
24,5600	-0,080
24,6000	-0,080
24,6400	-0,080
24,6800	-0,080
24,7200	-0,080
24,7600	-0,080
24,8000	-0,080
24,8400	-0,080
24,8800	-0,080
24,9200	-0,080
24,9600	-0,080
25,0000	-0,080
25,0400	-0,080
25,0800	-0,080
25,1200	-0,080
25,1600	-0,080
25,2000	-0,080
25,2400	-0,080
