0	8	3
1	7	1
2	9	0
3	9	0
4	11	3
5	14	0
6	14	0
7	13	3
8	7	1
9	10	4
10	6	7
11	10	1
12	8	1
13	12	3
14	22	7
15	25	2
16	26	3
17	21	3
18	11	3
19	14	4
20	12	2
21	25	4
22	18	4
23	24	69
24	192	149
25	803	184
26	1454	229
27	1227	197
28	1408	218
29	1333	233
30	1317	235
31	1331	248
32	1053	225
33	909	221
34	921	246
35	737	206
36	687	211
37	756	275
38	561	220
39	497	224
40	529	252
41	471	222
42	501	270
43	439	250
44	349	213
45	400	230
46	378	212
47	409	269
48	385	200
49	360	215
50	372	239
51	330	192
52	373	218
53	430	242
54	353	213
55	354	211
56	442	231
57	382	230
58	415	241
59	372	230
60	375	246
61	429	241
62	428	251
63	366	207
64	446	235
65	399	256
66	432	249
67	353	240
68	373	231
69	429	243
70	357	215
71	400	238
72	445	259
73	406	178
74	469	311
75	433	221
76	390	184
77	434	243
78	458	237
79	393	227
80	494	260
81	419	243
82	493	238
83	393	202
84	449	226
85	521	258
86	399	253
87	541	280
88	477	239
89	464	191
90	565	251
91	477	211
92	494	261
93	560	239
94	502	254
95	652	343
96	549	260
97	551	275
98	565	281
99	553	271
100	542	264
101	672	347
102	541	242
103	546	307
104	639	334
105	602	268
106	669	331
107	625	330
108	560	286
109	611	330
110	669	325
111	592	321
112	600	374
113	555	318
114	588	398
115	498	314
116	496	297
117	590	400
118	489	355
119	500	396
120	470	383
121	466	321
122	509	412
123	459	356
124	453	326
125	403	343
126	373	359
127	323	297
128	446	377
129	378	315
130	382	320
131	306	292
132	285	308
133	382	332
134	259	281
135	293	320
136	279	336
137	245	301
138	328	326
139	280	328
140	248	275
141	277	283
142	278	247
143	280	255
144	295	293
145	257	265
146	278	257
147	227	224
148	302	259
149	297	283
150	259	216
151	292	241
152	265	237
153	270	232
154	278	266
155	234	199
156	290	277
157	266	234
158	280	234
159	329	282
160	273	246
161	256	233
162	293	252
163	234	232
164	254	222
165	332	274
166	275	229
167	250	217
168	315	266
169	255	194
170	305	268
171	260	213
172	227	224
173	308	235
174	297	245
175	303	241
176	248	236
177	265	227
178	247	249
179	249	199
180	278	213
181	277	249
182	234	190
183	275	212
184	265	199
185	241	241
186	281	252
187	249	230
188	276	213
189	305	225
190	274	232
191	293	271
192	244	226
193	253	229
194	277	251
195	225	215
196	248	212
197	302	269
198	243	221
199	294	232
200	252	245
201	264	197
202	279	266
203	253	215
204	251	219
205	276	255
206	282	242
207	265	210
208	289	257
209	256	215
210	311	235
211	222	232
212	277	236
213	340	275
214	239	221
215	296	216
216	288	210
217	245	229
218	305	288
219	261	206
220	287	231
221	272	241
222	276	194
223	348	298
224	273	230
225	253	218
226	291	279
227	279	222
228	263	212
229	323	265
230	276	212
231	293	219
232	273	253
233	260	236
234	306	262
235	329	240
236	247	187
237	305	235
238	309	237
239	308	249
240	294	223
241	289	233
242	273	236
243	266	240
244	307	227
245	318	264
246	270	234
247	306	254
248	294	230
249	271	267
250	310	260
251	276	204
252	283	241
253	302	277
254	299	238
255	270	220
256	327	292
257	281	233
258	282	265
259	299	226
260	244	223
261	303	251
262	226	224
263	290	244
264	271	225
265	241	228
266	311	233
267	281	236
268	253	201
269	293	229
270	328	230
271	260	234
272	316	233
273	260	241
274	304	249
275	268	195
276	291	244
277	298	262
278	272	212
279	265	260
280	298	231
281	238	222
282	306	250
283	295	225
284	309	225
285	305	259
286	330	261
287	335	289
288	315	260
289	278	241
290	278	226
291	298	217
292	269	228
293	303	267
294	279	237
295	263	236
296	309	232
297	253	191
298	335	268
299	306	196
300	291	239
301	316	243
302	294	230
303	295	242
304	270	216
305	282	231
306	318	241
307	260	204
308	300	224
309	342	273
310	282	208
311	320	255
312	309	252
313	263	253
314	332	289
315	245	231
316	302	237
317	276	244
318	329	247
319	251	256
320	340	251
321	290	237
322	324	272
323	278	220
324	257	218
325	346	274
326	305	215
327	322	231
328	332	278
329	298	227
330	333	269
331	284	255
332	302	234
333	306	234
334	320	234
335	261	238
336	329	263
337	311	214
338	311	282
339	293	196
340	338	253
341	337	252
342	281	227
343	321	281
344	297	260
345	290	237
346	344	303
347	278	244
348	331	256
349	305	251
350	359	246
351	375	310
352	293	226
353	287	251
354	287	244
355	293	222
356	270	226
357	347	251
358	271	191
359	271	227
360	367	268
361	290	232
362	343	284
363	316	232
364	303	211
365	299	220
366	316	242
367	305	260
368	315	264
369	340	211
370	308	261
371	252	240
372	287	234
373	355	276
374	266	221
375	263	231
376	299	265
377	309	245
378	307	277
379	312	232
380	313	241
381	323	265
382	307	253
383	358	267
384	263	221
385	305	251
386	298	255
387	313	223
388	262	237
389	342	255
390	276	228
391	314	253
392	281	225
393	252	220
394	333	274
395	276	238
396	280	207
397	292	244
398	304	226
399	299	233
400	308	274
401	271	241
402	313	261
403	234	210
404	283	226
405	304	280
406	256	270
407	315	259
408	271	216
409	298	260
410	346	288
411	261	185
412	277	231
413	336	257
414	327	237
415	343	302
416	323	276
417	302	262
418	309	245
419	293	218
420	277	236
421	318	295
422	289	231
423	273	231
424	336	280
425	264	217
426	359	263
427	292	239
428	281	259
429	301	289
430	330	257
431	326	270
432	279	228
433	315	238
434	302	269
435	267	240
436	324	266
437	329	297
438	296	230
439	327	241
440	333	226
441	309	254
442	340	296
443	282	237
444	249	285
445	332	279
446	301	272
447	319	306
448	304	213
449	312	239
450	296	265
451	289	195
452	283	245
453	342	253
454	257	225
455	306	309
456	310	274
457	303	211
458	301	270
459	298	251
460	266	232
461	298	245
462	299	262
463	285	244
464	320	240
465	288	282
466	325	280
467	238	204
468	336	261
469	314	270
470	316	243
471	338	279
472	265	275
473	296	240
474	336	338
475	265	279
476	274	268
477	283	270
478	308	277
479	380	355
480	254	230
481	302	258
482	319	283
483	304	268
484	302	250
485	291	287
486	262	255
487	295	252
488	307	253
489	286	252
490	345	289
491	305	256
492	275	217
493	315	252
494	310	287
495	278	270
496	262	258
497	291	260
498	335	303
499	276	284
500	301	295
501	330	320
502	268	263
503	312	270
504	283	259
505	284	240
506	329	307
507	301	278
508	280	242
509	318	300
510	291	272
511	236	195
512	431	366
513	320	262
514	309	280
515	299	253
516	298	265
517	347	315
518	285	287
519	327	281
520	282	288
521	277	252
522	358	294
523	337	298
524	297	263
525	333	275
526	320	306
527	338	274
528	344	275
529	312	258
530	359	314
531	302	242
532	335	251
533	388	316
534	326	276
535	354	306
536	311	264
537	326	291
538	342	329
539	299	264
540	345	287
541	361	284
542	367	305
543	395	328
544	374	318
545	338	279
546	345	299
547	282	280
548	319	303
549	361	314
550	329	280
551	341	273
552	356	296
553	283	262
554	362	310
555	338	296
556	270	272
557	315	274
558	351	328
559	347	357
560	323	265
561	342	277
562	334	278
563	268	274
564	323	273
565	350	340
566	288	272
567	315	281
568	334	304
569	294	276
570	356	339
571	291	256
572	331	296
573	288	315
574	315	289
575	315	285
576	340	347
577	280	279
578	300	311
579	260	262
580	273	257
581	306	346
582	259	276
583	287	256
584	277	292
585	254	263
586	268	335
587	240	291
588	262	256
589	293	275
590	285	257
591	219	246
592	275	323
593	251	279
594	265	307
595	223	242
596	255	307
597	282	289
598	257	284
599	271	294
600	259	302
601	226	251
602	241	300
603	232	253
604	235	261
605	281	256
606	244	224
607	305	337
608	220	253
609	249	275
610	245	269
611	233	222
612	187	246
613	260	292
614	208	251
615	230	222
616	237	251
617	205	229
618	217	255
619	241	242
620	209	228
621	238	268
622	256	296
623	217	264
624	238	234
625	174	246
626	242	235
627	204	217
628	235	206
629	238	271
630	191	240
631	251	251
632	226	246
633	216	218
634	228	252
635	191	223
636	209	251
637	207	234
638	237	240
639	161	248
640	236	276
641	183	240
642	220	261
643	193	231
644	201	228
645	207	276
646	203	212
647	198	239
648	204	239
649	202	233
650	219	263
651	215	232
652	201	191
653	198	263
654	228	225
655	227	230
656	209	237
657	199	204
658	204	249
659	159	195
660	187	234
661	190	256
662	187	243
663	212	221
664	185	206
665	195	206
666	207	256
667	187	211
668	233	219
669	203	209
670	214	261
671	207	222
672	220	237
673	186	224
674	199	239
675	178	223
676	166	233
677	214	226
678	172	216
679	172	188
680	181	244
681	170	229
682	219	254
683	176	245
684	198	185
685	203	232
686	205	222
687	183	226
688	166	226
689	203	201
690	212	233
691	157	203
692	171	200
693	198	233
694	179	224
695	187	221
696	217	192
697	180	201
698	188	244
699	167	198
700	204	203
701	147	221
702	167	230
703	213	234
704	146	203
705	165	206
706	190	204
707	159	199
708	159	190
709	197	246
710	150	188
711	134	206
712	193	207
713	159	200
714	191	205
715	172	236
716	175	191
717	161	220
718	176	217
719	144	196
720	163	218
721	165	197
722	171	202
723	136	193
724	174	202
725	168	215
726	154	197
727	162	203
728	167	187
729	115	174
730	199	240
731	164	207
732	160	197
733	185	206
734	184	227
735	204	250
736	162	185
737	137	181
738	145	204
739	160	213
740	147	193
741	166	218
742	122	200
743	163	195
744	163	206
745	142	194
746	181	228
747	162	206
748	114	189
749	156	205
750	178	206
751	177	189
752	143	190
753	148	163
754	181	201
755	142	154
756	157	192
757	149	171
758	137	192
759	158	191
760	165	176
761	162	167
762	184	187
763	159	177
764	164	191
765	159	192
766	145	197
767	183	194
768	139	160
769	165	194
770	140	192
771	135	196
772	152	190
773	164	208
774	112	188
775	147	175
776	150	188
777	146	205
778	176	196
779	178	176
780	151	181
781	139	191
782	135	167
783	149	169
784	163	168
785	147	195
786	142	197
787	127	166
788	144	181
789	146	194
790	160	166
791	129	190
792	156	172
793	155	175
794	150	170
795	141	180
796	143	186
797	134	169
798	152	191
799	172	236
800	173	181
801	142	173
802	146	197
803	129	167
804	120	175
805	153	177
806	152	171
807	146	163
808	172	169
809	153	168
810	152	191
811	124	154
812	138	172
813	154	177
814	142	178
815	142	180
816	146	167
817	124	160
818	146	191
819	144	146
820	141	166
821	171	163
822	145	143
823	168	168
824	154	155
825	128	175
826	139	209
827	136	173
828	146	172
829	166	185
830	138	181
831	140	181
832	144	160
833	152	176
834	143	192
835	143	166
836	140	157
837	157	190
838	157	159
839	149	171
840	151	172
841	124	170
842	170	169
843	158	174
844	125	175
845	142	173
846	154	173
847	146	150
848	148	183
849	164	160
850	157	182
851	144	161
852	160	178
853	150	196
854	141	155
855	159	195
856	144	196
857	124	158
858	155	152
859	147	159
860	134	162
861	159	183
862	158	184
863	176	187
864	143	136
865	129	151
866	143	181
867	129	143
868	141	176
869	172	176
870	143	151
871	147	175
872	155	178
873	126	152
874	171	158
875	141	184
876	132	156
877	144	174
878	151	180
879	152	153
880	149	184
881	157	155
882	150	173
883	132	154
884	155	169
885	152	190
886	117	170
887	144	173
888	123	166
889	166	170
890	177	183
891	145	170
892	143	144
893	184	184
894	142	163
895	144	163
896	140	141
897	146	180
898	163	189
899	130	155
900	152	162
901	187	170
902	147	176
903	162	159
904	148	150
905	144	131
906	148	199
907	157	150
908	138	150
909	146	154
910	163	203
911	166	180
912	160	146
913	148	176
914	175	183
915	135	138
916	169	184
917	175	170
918	139	191
919	172	181
920	169	144
921	161	163
922	177	194
923	163	151
924	171	166
925	176	165
926	167	187
927	199	189
928	176	174
929	167	152
930	177	181
931	155	160
932	171	158
933	207	194
934	163	150
935	167	181
936	188	199
937	178	174
938	171	173
939	179	192
940	168	176
941	179	184
942	191	197
943	203	193
944	147	174
945	165	179
946	196	178
947	181	153
948	162	177
949	211	197
950	184	182
951	188	191
952	196	196
953	177	177
954	216	178
955	210	178
956	198	190
957	231	191
958	164	205
959	217	220
960	191	182
961	207	216
962	186	185
963	188	214
964	185	190
965	221	203
966	207	181
967	204	205
968	229	176
969	193	167
970	241	243
971	231	237
972	177	198
973	229	223
974	247	222
975	239	227
976	231	210
977	246	220
978	244	263
979	202	195
980	238	220
981	226	235
982	228	250
983	218	247
984	221	205
985	234	232
986	288	231
987	239	217
988	282	261
989	266	253
990	269	266
991	288	325
992	221	208
993	260	255
994	290	268
995	238	240
996	269	234
997	295	286
998	248	271
999	242	247
1000	292	266
1001	219	252
1002	273	309
1003	251	278
1004	237	256
1005	268	257
1006	243	308
1007	276	307
1008	234	280
1009	262	277
1010	267	305
1011	211	244
1012	257	262
1013	323	342
1014	249	295
1015	303	300
1016	249	284
1017	286	279
1018	283	322
1019	263	280
1020	273	283
1021	261	307
1022	247	291
1023	118	124
1024	368	435
1025	258	284
1026	288	293
1027	242	270
1028	249	281
1029	268	313
1030	258	266
1031	279	279
1032	249	299
1033	235	281
1034	254	304
1035	261	323
1036	237	262
1037	286	309
1038	259	314
1039	252	297
1040	268	275
1041	240	283
1042	264	268
1043	225	295
1044	255	285
1045	259	308
1046	238	289
1047	253	334
1048	246	263
1049	225	278
1050	284	314
1051	226	286
1052	231	312
1053	250	309
1054	238	299
1055	270	304
1056	257	265
1057	211	255
1058	241	303
1059	213	270
1060	227	267
1061	267	311
1062	223	267
1063	239	231
1064	209	286
1065	205	236
1066	224	300
1067	196	264
1068	192	253
1069	257	238
1070	219	252
1071	209	256
1072	176	248
1073	184	258
1074	214	272
1075	190	216
1076	200	252
1077	219	234
1078	176	240
1079	197	245
1080	204	232
1081	184	216
1082	221	255
1083	203	255
1084	168	230
1085	211	237
1086	177	270
1087	179	206
1088	188	245
1089	209	238
1090	211	238
1091	158	210
1092	165	220
1093	193	236
1094	164	228
1095	195	194
1096	179	211
1097	170	193
1098	185	227
1099	183	201
1100	147	182
1101	168	199
1102	196	227
1103	180	180
1104	179	214
1105	185	202
1106	172	189
1107	158	194
1108	159	190
1109	181	195
1110	177	200
1111	175	188
1112	150	164
1113	142	212
1114	185	213
1115	162	171
1116	160	188
1117	179	206
1118	162	214
1119	200	230
1120	152	166
1121	185	204
1122	166	218
1123	167	179
1124	149	171
1125	154	188
1126	168	177
1127	165	183
1128	159	174
1129	164	163
1130	161	204
1131	166	159
1132	156	143
1133	154	166
1134	182	204
1135	155	177
1136	162	173
1137	151	156
1138	181	180
1139	149	179
1140	149	198
1141	189	216
1142	140	158
1143	136	161
1144	148	156
1145	147	161
1146	189	200
1147	169	163
1148	136	146
1149	170	189
1150	141	173
1151	157	140
1152	151	192
1153	162	166
1154	199	186
1155	156	155
1156	138	140
1157	168	188
1158	127	156
1159	158	186
1160	142	152
1161	158	155
1162	177	151
1163	173	163
1164	152	156
1165	156	151
1166	185	181
1167	157	165
1168	144	171
1169	152	174
1170	145	168
1171	137	153
1172	156	174
1173	174	175
1174	144	187
1175	153	161
1176	134	165
1177	145	161
1178	151	168
1179	139	151
1180	156	140
1181	163	178
1182	145	157
1183	154	194
1184	126	179
1185	158	170
1186	151	169
1187	151	138
1188	167	152
1189	153	190
1190	150	151
1191	136	137
1192	140	169
1193	128	169
1194	174	166
1195	160	152
1196	150	158
1197	155	158
1198	155	168
1199	161	161
1200	113	142
1201	158	158
1202	148	167
1203	132	149
1204	142	155
1205	172	168
1206	125	157
1207	149	160
1208	150	163
1209	160	164
1210	158	182
1211	153	155
1212	156	158
1213	143	169
1214	173	173
1215	159	175
1216	132	135
1217	143	166
1218	139	142
1219	141	149
1220	144	143
1221	177	180
1222	154	159
1223	163	163
1224	148	151
1225	122	133
1226	170	178
1227	136	180
1228	122	160
1229	145	165
1230	144	175
1231	142	173
1232	156	167
1233	157	150
1234	160	160
1235	140	154
1236	144	161
1237	174	158
1238	128	161
1239	141	183
1240	134	142
1241	157	166
1242	155	178
1243	156	137
1244	150	141
1245	144	180
1246	153	164
1247	156	178
1248	149	158
1249	158	132
1250	157	179
1251	122	164
1252	125	152
1253	159	172
1254	119	152
1255	162	174
1256	158	146
1257	129	139
1258	151	167
1259	141	159
1260	154	165
1261	172	164
1262	162	149
1263	154	163
1264	127	145
1265	154	174
1266	167	168
1267	127	137
1268	150	145
1269	170	194
1270	169	152
1271	170	171
1272	155	150
1273	144	175
1274	157	190
1275	150	172
1276	137	137
1277	139	164
1278	154	143
1279	133	137
1280	177	203
1281	159	148
1282	156	149
1283	141	169
1284	133	147
1285	164	159
1286	160	146
1287	183	168
1288	159	166
1289	137	141
1290	150	172
1291	161	162
1292	137	136
1293	122	163
1294	169	176
1295	138	136
1296	143	178
1297	132	137
1298	165	165
1299	137	137
1300	148	169
1301	154	157
1302	148	175
1303	156	175
1304	154	156
1305	135	166
1306	176	160
1307	139	160
1308	154	151
1309	145	167
1310	160	153
1311	168	188
1312	156	161
1313	161	148
1314	163	170
1315	147	152
1316	119	148
1317	155	182
1318	166	180
1319	153	138
1320	143	171
1321	139	151
1322	185	163
1323	138	151
1324	162	154
1325	153	157
1326	171	173
1327	155	145
1328	150	155
1329	164	166
1330	161	172
1331	149	176
1332	171	162
1333	174	173
1334	153	132
1335	140	165
1336	138	153
1337	183	145
1338	172	173
1339	156	170
1340	144	183
1341	132	157
1342	160	177
1343	153	160
1344	176	173
1345	147	188
1346	168	174
1347	164	141
1348	143	147
1349	179	176
1350	174	144
1351	138	166
1352	150	158
1353	142	148
1354	166	198
1355	156	162
1356	148	140
1357	132	149
1358	175	166
1359	132	152
1360	186	143
1361	136	155
1362	172	169
1363	130	149
1364	158	167
1365	163	162
1366	141	159
1367	154	219
1368	155	164
1369	139	163
1370	168	203
1371	150	168
1372	146	171
1373	157	165
1374	187	178
1375	182	218
1376	133	148
1377	134	180
1378	165	163
1379	135	131
1380	153	145
1381	171	150
1382	155	154
1383	157	177
1384	147	160
1385	137	148
1386	183	184
1387	183	171
1388	126	162
1389	149	145
1390	158	173
1391	158	196
1392	169	147
1393	153	157
1394	176	154
1395	163	144
1396	158	146
1397	156	198
1398	133	152
1399	128	185
1400	140	161
1401	157	146
1402	174	180
1403	126	166
1404	144	125
1405	157	158
1406	137	177
1407	158	151
1408	137	133
1409	147	151
1410	148	165
1411	126	158
1412	128	142
1413	162	162
1414	126	144
1415	137	134
1416	171	151
1417	126	139
1418	173	216
1419	162	156
1420	152	154
1421	145	128
1422	116	152
1423	132	156
1424	151	165
1425	139	154
1426	142	147
1427	122	137
1428	130	168
1429	175	143
1430	136	130
1431	158	149
1432	130	161
1433	142	155
1434	150	161
1435	122	144
1436	137	173
1437	146	152
1438	157	138
1439	141	161
1440	132	147
1441	128	135
1442	131	159
1443	118	146
1444	133	147
1445	155	183
1446	115	131
1447	113	121
1448	158	126
1449	135	132
1450	164	161
1451	115	146
1452	137	131
1453	135	146
1454	128	149
1455	112	152
1456	134	123
1457	129	132
1458	122	167
1459	119	126
1460	121	136
1461	127	139
1462	121	164
1463	137	125
1464	138	136
1465	128	144
1466	120	161
1467	135	148
1468	126	127
1469	125	143
1470	120	129
1471	123	163
1472	117	106
1473	134	154
1474	115	141
1475	106	117
1476	118	134
1477	134	121
1478	119	130
1479	126	120
1480	119	137
1481	114	93
1482	122	137
1483	128	115
1484	110	123
1485	115	140
1486	138	148
1487	136	125
1488	133	119
1489	121	143
1490	140	129
1491	127	110
1492	118	116
1493	147	132
1494	117	137
1495	111	137
1496	113	113
1497	133	118
1498	122	139
1499	96	111
1500	111	109
1501	100	151
1502	117	124
1503	144	169
1504	112	103
1505	126	114
1506	130	135
1507	122	114
1508	136	125
1509	136	142
1510	133	125
1511	115	112
1512	108	126
1513	117	112
1514	128	144
1515	98	136
1516	119	106
1517	130	118
1518	147	121
1519	124	149
1520	117	107
1521	111	105
1522	152	130
1523	119	123
1524	96	94
1525	126	124
1526	108	108
1527	115	121
1528	114	112
1529	109	128
1530	121	131
1531	126	124
1532	109	109
1533	122	127
1534	106	112
1535	100	120
1536	127	116
1537	113	108
1538	122	146
1539	120	127
1540	105	108
1541	141	128
1542	96	109
1543	116	105
1544	105	114
1545	101	109
1546	122	124
1547	111	122
1548	136	95
1549	98	116
1550	112	119
1551	119	119
1552	146	130
1553	120	104
1554	114	119
1555	106	107
1556	114	116
1557	110	101
1558	121	106
1559	92	122
1560	128	107
1561	117	99
1562	137	115
1563	115	96
1564	100	118
1565	111	125
1566	99	117
1567	125	146
1568	142	129
1569	111	119
1570	115	122
1571	111	90
1572	111	121
1573	108	111
1574	108	117
1575	108	118
1576	140	110
1577	116	91
1578	116	125
1579	107	123
1580	123	98
1581	111	117
1582	126	115
1583	136	115
1584	114	93
1585	97	120
1586	130	129
1587	117	104
1588	112	104
1589	130	114
1590	122	91
1591	123	99
1592	131	98
1593	119	101
1594	121	128
1595	106	112
1596	122	104
1597	99	115
1598	108	101
1599	120	112
1600	120	117
1601	96	89
1602	106	123
1603	112	113
1604	92	109
1605	125	114
1606	117	89
1607	116	104
1608	120	114
1609	117	85
1610	109	118
1611	101	125
1612	107	95
1613	97	95
1614	115	100
1615	121	84
1616	124	107
1617	116	110
1618	107	101
1619	107	97
1620	104	94
1621	122	117
1622	119	108
1623	125	72
1624	122	101
1625	108	120
1626	120	108
1627	105	91
1628	121	109
1629	118	123
1630	135	106
1631	141	140
1632	106	89
1633	120	95
1634	115	126
1635	86	91
1636	104	99
1637	134	112
1638	108	112
1639	110	103
1640	104	103
1641	106	87
1642	117	114
1643	98	106
1644	140	91
1645	129	95
1646	107	118
1647	123	100
1648	113	110
1649	124	119
1650	125	89
1651	122	91
1652	113	106
1653	121	105
1654	114	112
1655	130	111
1656	112	100
1657	123	97
1658	105	113
1659	105	106
1660	117	98
1661	105	84
1662	120	96
1663	97	97
1664	114	116
1665	131	109
1666	134	107
1667	112	80
1668	94	125
1669	133	121
1670	124	104
1671	108	84
1672	136	101
1673	101	100
1674	120	121
1675	137	92
1676	134	100
1677	135	121
1678	135	119
1679	108	109
1680	127	104
1681	123	110
1682	126	128
1683	135	93
1684	133	115
1685	137	127
1686	109	113
1687	150	128
1688	147	106
1689	110	118
1690	136	128
1691	114	106
1692	135	120
1693	156	111
1694	165	121
1695	140	150
1696	142	128
1697	133	113
1698	159	110
1699	142	91
1700	127	151
1701	135	141
1702	111	116
1703	144	119
1704	164	148
1705	130	116
1706	159	147
1707	112	125
1708	147	155
1709	161	137
1710	177	132
1711	174	143
1712	141	122
1713	161	147
1714	170	150
1715	155	118
1716	149	126
1717	176	145
1718	148	166
1719	148	154
1720	174	132
1721	159	145
1722	157	166
1723	182	145
1724	155	139
1725	173	129
1726	161	163
1727	183	156
1728	151	136
1729	158	146
1730	160	146
1731	165	124
1732	168	154
1733	194	160
1734	161	164
1735	168	141
1736	187	152
1737	174	148
1738	178	199
1739	173	155
1740	161	162
1741	168	174
1742	181	155
1743	152	166
1744	187	170
1745	156	149
1746	199	180
1747	152	175
1748	198	185
1749	183	162
1750	179	164
1751	197	185
1752	150	158
1753	174	154
1754	169	175
1755	161	155
1756	182	172
1757	194	168
1758	180	171
1759	222	187
1760	148	160
1761	176	176
1762	194	182
1763	169	174
1764	180	179
1765	202	192
1766	170	156
1767	163	178
1768	190	204
1769	159	190
1770	209	194
1771	183	219
1772	179	177
1773	182	197
1774	180	176
1775	188	190
1776	148	157
1777	190	206
1778	167	178
1779	139	156
1780	150	187
1781	197	195
1782	161	180
1783	153	189
1784	141	182
1785	166	152
1786	176	189
1787	158	200
1788	162	158
1789	185	187
1790	184	168
1791	181	196
1792	169	180
1793	184	149
1794	154	180
1795	148	162
1796	133	162
1797	156	167
1798	147	150
1799	160	159
1800	138	154
1801	123	168
1802	169	173
1803	148	154
1804	138	161
1805	143	164
1806	162	134
1807	139	151
1808	143	146
1809	140	144
1810	131	169
1811	148	143
1812	134	165
1813	147	146
1814	153	158
1815	135	167
1816	146	128
1817	122	143
1818	136	141
1819	113	140
1820	130	129
1821	140	137
1822	132	137
1823	135	154
1824	166	123
1825	105	151
1826	143	170
1827	112	126
1828	117	127
1829	160	132
1830	120	113
1831	128	116
1832	122	124
1833	130	134
1834	129	128
1835	114	112
1836	118	126
1837	117	126
1838	122	129
1839	114	124
1840	101	87
1841	100	115
1842	135	114
1843	105	89
1844	127	126
1845	125	107
1846	84	98
1847	104	122
1848	110	97
1849	113	101
1850	122	116
1851	98	107
1852	104	89
1853	129	122
1854	108	110
1855	109	108
1856	105	104
1857	116	123
1858	116	105
1859	91	92
1860	92	114
1861	118	93
1862	114	79
1863	89	90
1864	111	94
1865	89	101
1866	102	95
1867	92	99
1868	100	98
1869	97	105
1870	96	91
1871	78	96
1872	90	101
1873	89	100
1874	115	95
1875	98	87
1876	111	104
1877	99	90
1878	98	77
1879	87	79
1880	103	96
1881	96	83
1882	103	102
1883	90	85
1884	95	86
1885	93	73
1886	111	84
1887	109	116
1888	94	79
1889	94	83
1890	103	77
1891	108	87
1892	118	85
1893	115	87
1894	88	85
1895	103	89
1896	81	93
1897	116	84
1898	101	99
1899	116	110
1900	110	76
1901	114	87
1902	103	102
1903	115	112
1904	106	85
1905	106	86
1906	121	119
1907	73	93
1908	72	89
1909	116	111
1910	91	90
1911	148	82
1912	115	90
1913	112	85
1914	127	96
1915	99	80
1916	113	92
1917	111	94
1918	94	107
1919	133	101
1920	116	102
1921	101	90
1922	112	120
1923	118	93
1924	102	83
1925	123	99
1926	124	104
1927	109	107
1928	104	101
1929	89	101
1930	155	112
1931	115	109
1932	101	100
1933	116	122
1934	132	117
1935	122	104
1936	129	103
1937	100	99
1938	130	100
1939	128	100
1940	142	129
1941	153	111
1942	104	107
1943	123	111
1944	127	117
1945	124	105
1946	138	114
1947	126	106
1948	133	131
1949	142	143
1950	127	135
1951	136	130
1952	132	128
1953	137	113
1954	143	131
1955	117	126
1956	109	114
1957	150	129
1958	128	119
1959	123	125
1960	126	111
1961	115	134
1962	133	132
1963	129	122
1964	131	131
1965	136	129
1966	155	117
1967	146	153
1968	119	113
1969	153	132
1970	130	140
1971	135	122
1972	128	117
1973	124	124
1974	120	131
1975	135	151
1976	114	153
1977	153	126
1978	140	133
1979	152	165
1980	132	137
1981	159	166
1982	157	127
1983	166	161
1984	154	139
1985	136	131
1986	158	147
1987	118	140
1988	148	160
1989	145	145
1990	119	138
1991	122	142
1992	160	140
1993	127	126
1994	163	170
1995	145	167
1996	117	151
1997	149	160
1998	141	140
1999	124	139
2000	113	139
2001	118	168
2002	154	158
2003	125	140
2004	137	137
2005	169	148
2006	129	162
2007	143	144
2008	151	143
2009	131	139
2010	141	146
2011	123	139
2012	137	126
2013	125	158
2014	122	159
2015	161	182
2016	134	134
2017	142	144
2018	138	129
2019	111	118
2020	124	116
2021	121	118
2022	141	142
2023	107	135
2024	119	139
2025	120	143
2026	129	155
2027	129	134
2028	90	111
2029	124	115
2030	118	162
2031	132	136
2032	119	113
2033	110	136
2034	130	127
2035	109	131
2036	116	122
2037	117	131
2038	107	105
2039	109	115
2040	124	122
2041	111	99
2042	119	128
2043	110	111
2044	102	103
2045	132	126
2046	118	109
2047	135	137
2048	79	91
2049	89	97
2050	107	117
2051	111	97
2052	106	94
2053	106	104
2054	96	115
2055	104	109
2056	91	108
2057	90	100
2058	110	101
2059	94	126
2060	85	84
2061	82	98
2062	99	106
2063	85	98
2064	87	101
2065	97	98
2066	90	88
2067	79	84
2068	77	86
2069	100	76
2070	86	89
2071	75	94
2072	96	86
2073	78	85
2074	81	88
2075	77	97
2076	73	85
2077	72	85
2078	66	103
2079	84	103
2080	87	83
2081	64	85
2082	83	74
2083	63	80
2084	76	72
2085	64	93
2086	78	87
2087	64	69
2088	68	79
2089	77	75
2090	71	96
2091	83	67
2092	72	71
2093	70	74
2094	69	56
2095	67	87
2096	66	69
2097	60	64
2098	56	61
2099	69	61
2100	48	89
2101	65	62
2102	60	55
2103	57	62
2104	59	69
2105	56	76
2106	60	63
2107	56	66
2108	66	52
2109	61	52
2110	58	65
2111	51	57
2112	63	67
2113	55	58
2114	61	60
2115	53	53
2116	41	63
2117	56	62
2118	65	49
2119	51	51
2120	52	66
2121	49	62
2122	60	61
2123	52	51
2124	49	46
2125	57	63
2126	62	53
2127	50	59
2128	56	58
2129	62	48
2130	56	54
2131	43	49
2132	62	54
2133	54	56
2134	46	48
2135	34	48
2136	53	55
2137	50	58
2138	53	48
2139	44	51
2140	52	44
2141	49	50
2142	46	52
2143	60	69
2144	34	43
2145	36	44
2146	43	60
2147	45	39
2148	30	42
2149	63	50
2150	57	43
2151	44	49
2152	58	49
2153	49	45
2154	45	47
2155	54	59
2156	38	46
2157	47	54
2158	39	35
2159	34	38
2160	45	38
2161	42	42
2162	52	56
2163	38	45
2164	46	30
2165	38	45
2166	43	33
2167	48	40
2168	31	48
2169	34	49
2170	37	39
2171	50	45
2172	45	35
2173	42	45
2174	51	37
2175	36	29
2176	52	48
2177	39	28
2178	56	47
2179	38	34
2180	45	32
2181	51	44
2182	40	49
2183	43	34
2184	37	34
2185	30	37
2186	43	38
2187	36	32
2188	40	36
2189	54	36
2190	39	37
2191	40	36
2192	45	41
2193	37	27
2194	33	37
2195	25	42
2196	38	38
2197	44	38
2198	37	34
2199	29	32
2200	30	29
2201	37	26
2202	33	37
2203	42	34
2204	28	35
2205	44	41
2206	42	43
2207	37	25
2208	42	29
2209	28	32
2210	37	40
2211	31	24
2212	33	42
2213	36	28
2214	37	37
2215	30	32
2216	42	41
2217	43	29
2218	32	40
2219	30	25
2220	39	32
2221	27	29
2222	35	33
2223	36	30
2224	31	36
2225	38	24
2226	21	37
2227	35	29
2228	36	28
2229	38	28
2230	23	26
2231	40	47
2232	30	25
2233	39	33
2234	39	31
2235	29	21
2236	34	24
2237	35	36
2238	36	34
2239	31	31
2240	21	32
2241	33	23
2242	36	32
2243	29	17
2244	33	34
2245	27	27
2246	32	36
2247	25	27
2248	29	32
2249	30	23
2250	36	20
2251	35	27
2252	33	18
2253	28	25
2254	24	28
2255	28	28
2256	29	26
2257	40	21
2258	33	23
2259	25	27
2260	28	27
2261	28	34
2262	34	30
2263	38	33
2264	29	26
2265	34	28
2266	30	32
2267	32	26
2268	29	27
2269	32	28
2270	26	27
2271	34	27
2272	35	26
2273	28	31
2274	28	31
2275	22	18
2276	24	24
2277	28	23
2278	39	28
2279	25	27
2280	24	19
2281	15	24
2282	40	32
2283	19	14
2284	32	28
2285	28	27
2286	25	27
2287	27	24
2288	26	20
2289	39	20
2290	30	17
2291	25	18
2292	29	24
2293	37	18
2294	15	26
2295	38	24
2296	31	28
2297	28	14
2298	28	24
2299	32	27
2300	28	25
2301	26	22
2302	21	22
2303	33	24
2304	30	15
2305	16	22
2306	29	34
2307	18	16
2308	31	24
2309	34	25
2310	33	25
2311	26	27
2312	31	17
2313	21	16
2314	27	20
2315	23	20
2316	23	19
2317	22	19
2318	29	23
2319	19	19
2320	28	17
2321	22	15
2322	24	25
2323	22	21
2324	16	22
2325	27	20
2326	21	20
2327	25	20
2328	13	24
2329	14	30
2330	27	22
2331	21	20
2332	21	26
2333	28	18
2334	21	22
2335	23	15
2336	18	20
2337	24	16
2338	28	20
2339	31	17
2340	18	14
2341	20	17
2342	22	19
2343	14	16
2344	29	17
2345	16	18
2346	16	20
2347	28	16
2348	10	21
2349	41	17
2350	22	18
2351	25	12
2352	24	9
2353	22	12
2354	35	20
2355	29	21
2356	27	24
2357	26	15
2358	28	17
2359	16	15
2360	23	19
2361	23	16
2362	20	18
2363	30	16
2364	24	10
2365	39	21
2366	25	22
2367	28	19
2368	21	28
2369	20	14
2370	31	19
2371	17	19
2372	17	17
2373	28	17
2374	19	17
2375	17	21
2376	20	17
2377	19	14
2378	26	28
2379	19	14
2380	27	15
2381	26	21
2382	25	13
2383	24	19
2384	21	22
2385	22	13
2386	19	17
2387	18	15
2388	29	14
2389	21	18
2390	22	9
2391	22	20
2392	23	15
2393	19	17
2394	29	10
2395	17	11
2396	19	14
2397	20	17
2398	26	16
2399	28	10
2400	18	17
2401	26	11
2402	19	16
2403	28	16
2404	21	24
2405	30	26
2406	18	10
2407	19	21
2408	30	13
2409	22	14
2410	16	22
2411	17	17
2412	28	15
2413	29	17
2414	23	23
2415	18	21
2416	27	14
2417	18	18
2418	28	18
2419	29	15
2420	13	13
2421	19	18
2422	23	17
2423	24	19
2424	18	14
2425	23	18
2426	20	11
2427	21	10
2428	18	20
2429	17	15
2430	16	13
2431	15	12
2432	14	12
2433	21	14
2434	21	13
2435	20	27
2436	17	16
2437	30	10
2438	21	12
2439	22	9
2440	16	14
2441	17	15
2442	21	15
2443	11	7
2444	22	12
2445	11	16
2446	17	12
2447	14	11
2448	19	16
2449	15	19
2450	20	17
2451	20	16
2452	16	13
2453	17	13
2454	23	9
2455	17	22
2456	19	16
2457	13	11
2458	16	14
2459	25	10
2460	20	10
2461	23	9
2462	18	9
2463	25	13
2464	17	12
2465	17	14
2466	20	20
2467	18	9
2468	20	13
2469	15	13
2470	20	8
2471	19	9
2472	28	12
2473	14	17
2474	20	20
2475	14	11
2476	24	13
2477	16	13
2478	25	12
2479	22	14
2480	23	18
2481	20	17
2482	22	12
2483	14	14
2484	22	15
2485	15	14
2486	11	7
2487	22	17
2488	13	16
2489	18	12
2490	20	13
2491	24	14
2492	15	8
2493	12	18
2494	15	16
2495	16	13
2496	17	14
2497	13	15
2498	17	22
2499	18	17
2500	19	12
2501	26	14
2502	14	15
2503	11	12
2504	23	19
2505	15	17
2506	13	15
2507	18	12
2508	17	14
2509	17	12
2510	24	15
2511	17	16
2512	14	13
2513	16	9
2514	10	10
2515	18	11
2516	16	9
2517	13	12
2518	19	11
2519	26	17
2520	15	14
2521	23	8
2522	19	8
2523	14	16
2524	31	12
2525	21	9
2526	16	8
2527	21	11
2528	18	12
2529	14	13
2530	17	15
2531	14	13
2532	9	11
2533	10	16
2534	15	20
2535	7	10
2536	14	17
2537	12	10
2538	15	12
2539	21	16
2540	10	9
2541	18	23
2542	16	14
2543	20	15
2544	14	8
2545	12	12
2546	21	15
2547	24	7
2548	19	6
2549	30	14
2550	16	13
2551	17	18
2552	20	14
2553	25	12
2554	17	9
2555	17	10
2556	8	11
2557	20	12
2558	18	7
2559	22	14
2560	14	12
2561	14	9
2562	19	14
2563	15	9
2564	10	16
2565	16	11
2566	12	6
2567	18	5
2568	14	10
2569	13	26
2570	21	13
2571	20	13
2572	15	11
2573	15	10
2574	20	8
2575	16	8
2576	20	18
2577	10	11
2578	20	7
2579	16	10
2580	16	5
2581	13	14
2582	24	14
2583	16	16
2584	12	10
2585	13	11
2586	17	10
2587	10	13
2588	12	11
2589	17	13
2590	12	13
2591	20	9
2592	16	11
2593	14	13
2594	22	8
2595	10	13
2596	16	10
2597	19	9
2598	13	10
2599	14	12
2600	13	14
2601	15	8
2602	18	11
2603	10	12
2604	14	14
2605	18	4
2606	17	16
2607	18	9
2608	12	7
2609	16	15
2610	11	14
2611	11	12
2612	10	11
2613	10	12
2614	9	11
2615	13	9
2616	15	9
2617	10	12
2618	14	8
2619	16	11
2620	15	11
2621	21	8
2622	12	8
2623	12	9
2624	14	5
2625	12	9
2626	18	12
2627	21	7
2628	14	16
2629	18	11
2630	19	6
2631	10	7
2632	18	6
2633	11	10
2634	23	5
2635	18	8
2636	15	13
2637	15	11
2638	13	12
2639	12	6
2640	13	6
2641	10	13
2642	17	17
2643	16	8
2644	11	8
2645	25	12
2646	11	9
2647	16	8
2648	15	7
2649	21	13
2650	10	7
2651	14	6
2652	12	16
2653	17	8
2654	17	13
2655	23	10
2656	14	15
2657	12	10
2658	10	11
2659	20	7
2660	14	10
2661	18	12
2662	14	11
2663	14	6
2664	11	16
2665	10	4
2666	16	10
2667	8	10
2668	11	9
2669	14	14
2670	9	10
2671	13	6
2672	15	10
2673	13	15
2674	8	11
2675	12	3
2676	12	3
2677	9	9
2678	10	6
2679	9	7
2680	13	3
2681	11	12
2682	11	4
2683	20	11
2684	12	10
2685	7	12
2686	15	13
2687	9	4
2688	12	8
2689	18	11
2690	12	6
2691	15	11
2692	11	7
2693	12	9
2694	13	15
2695	12	7
2696	14	9
2697	14	10
2698	14	8
2699	13	6
2700	13	9
2701	12	6
2702	13	13
2703	15	12
2704	13	13
2705	11	4
2706	20	10
2707	12	7
2708	16	4
2709	17	8
2710	8	7
2711	16	12
2712	12	3
2713	11	8
2714	9	10
2715	11	7
2716	15	8
2717	10	10
2718	14	10
2719	11	8
2720	13	6
2721	13	7
2722	13	17
2723	17	9
2724	19	9
2725	12	5
2726	10	9
2727	9	7
2728	7	9
2729	14	5
2730	13	4
2731	8	6
2732	15	10
2733	14	5
2734	7	6
2735	12	6
2736	9	7
2737	10	14
2738	12	5
2739	6	7
2740	13	4
2741	11	4
2742	12	10
2743	9	15
2744	14	14
2745	12	7
2746	8	4
2747	7	9
2748	11	5
2749	12	5
2750	8	7
2751	15	7
2752	15	9
2753	11	5
2754	15	5
2755	8	3
2756	9	8
2757	9	13
2758	10	4
2759	9	4
2760	12	12
2761	7	6
2762	15	11
2763	14	2
2764	17	4
2765	9	10
2766	12	5
2767	10	6
2768	12	10
2769	4	7
2770	13	10
2771	16	8
2772	9	6
2773	10	9
2774	13	12
2775	12	6
2776	8	7
2777	11	7
2778	14	11
2779	15	3
2780	7	5
2781	12	8
2782	10	5
2783	17	10
2784	17	5
2785	14	10
2786	14	3
2787	13	11
2788	11	8
2789	13	7
2790	12	4
2791	9	9
2792	7	9
2793	11	6
2794	5	8
2795	15	5
2796	13	9
2797	14	4
2798	10	3
2799	12	5
2800	12	4
2801	11	7
2802	13	6
2803	14	6
2804	15	9
2805	14	8
2806	15	4
2807	11	10
2808	8	6
2809	6	11
2810	9	6
2811	14	6
2812	9	11
2813	13	5
2814	8	6
2815	11	5
2816	16	9
2817	14	3
2818	13	8
2819	7	4
2820	8	8
2821	12	8
2822	14	8
2823	8	8
2824	12	11
2825	7	5
2826	7	10
2827	11	5
2828	8	3
2829	10	6
2830	12	8
2831	8	5
2832	10	7
2833	12	12
2834	15	3
2835	10	7
2836	5	4
2837	14	1
2838	21	5
2839	10	11
2840	16	4
2841	9	9
2842	18	7
2843	6	8
2844	10	8
2845	6	12
2846	10	9
2847	9	8
2848	10	5
2849	5	4
2850	8	9
2851	6	2
2852	13	7
2853	12	9
2854	2	6
2855	15	6
2856	9	5
2857	9	7
2858	11	12
2859	8	8
2860	7	4
2861	11	5
2862	11	9
2863	8	8
2864	11	3
2865	11	12
2866	15	7
2867	11	7
2868	7	8
2869	17	6
2870	14	9
2871	10	10
2872	12	3
2873	5	9
2874	6	6
2875	10	3
2876	15	4
2877	8	7
2878	13	8
2879	8	3
2880	16	7
2881	10	9
2882	12	3
2883	13	11
2884	7	9
2885	9	8
2886	9	10
2887	5	8
2888	12	7
2889	9	6
2890	15	8
2891	7	10
2892	7	7
2893	9	6
2894	14	3
2895	13	6
2896	10	5
2897	13	6
2898	6	8
2899	10	8
2900	14	4
2901	9	4
2902	9	5
2903	12	5
2904	10	6
2905	3	5
2906	8	3
2907	5	4
2908	11	5
2909	5	2
2910	8	6
2911	4	9
2912	9	6
2913	6	7
2914	3	5
2915	5	3
2916	13	3
2917	6	7
2918	11	9
2919	8	1
2920	8	2
2921	13	5
2922	10	4
2923	4	4
2924	9	5
2925	10	4
2926	6	6
2927	9	4
2928	10	4
2929	5	3
2930	14	2
2931	4	7
2932	8	3
2933	6	8
2934	8	5
2935	9	6
2936	8	4
2937	10	7
2938	8	3
2939	12	5
2940	12	4
2941	11	6
2942	12	4
2943	3	6
2944	7	6
2945	3	8
2946	11	3
2947	6	6
2948	12	5
2949	9	10
2950	13	5
2951	4	11
2952	12	2
2953	12	7
2954	9	6
2955	14	7
2956	7	7
2957	5	5
2958	6	6
2959	8	8
2960	8	4
2961	11	4
2962	7	6
2963	5	3
2964	6	5
2965	9	6
2966	9	4
2967	13	6
2968	7	4
2969	9	3
2970	14	7
2971	8	7
2972	12	4
2973	10	5
2974	11	4
2975	10	2
2976	10	5
2977	10	1
2978	8	2
2979	4	2
2980	5	1
2981	15	5
2982	9	6
2983	8	6
2984	7	3
2985	5	7
2986	11	9
2987	6	1
2988	8	5
2989	7	5
2990	6	2
2991	8	11
2992	6	5
2993	5	3
2994	11	3
2995	11	8
2996	6	6
2997	8	2
2998	4	2
2999	7	4
3000	8	4
3001	5	4
3002	8	6
3003	6	6
3004	5	4
3005	13	9
3006	8	9
3007	11	6
3008	2	9
3009	10	3
3010	9	5
3011	7	4
3012	9	4
3013	7	5
3014	9	4
3015	8	7
3016	12	9
3017	7	3
3018	11	3
3019	10	8
3020	5	4
3021	3	5
3022	15	4
3023	7	3
3024	12	1
3025	8	2
3026	10	2
3027	9	3
3028	9	2
3029	6	5
3030	9	0
3031	8	5
3032	8	6
3033	5	3
3034	11	6
3035	5	2
3036	6	3
3037	6	3
3038	13	9
3039	7	5
3040	10	5
3041	2	3
3042	9	3
3043	5	6
3044	7	3
3045	6	6
3046	14	8
3047	7	3
3048	7	3
3049	5	6
3050	6	4
3051	10	2
3052	9	6
3053	8	3
3054	8	4
3055	10	4
3056	8	3
3057	6	4
3058	8	3
3059	2	6
3060	7	2
3061	5	5
3062	6	3
3063	8	4
3064	7	2
3065	8	4
3066	9	4
3067	8	5
3068	6	1
3069	5	8
3070	7	3
3071	7	1
3072	9	1
3073	9	3
3074	11	3
3075	7	5
3076	7	2
3077	11	1
3078	12	2
3079	8	4
3080	9	3
3081	6	3
3082	9	6
3083	9	2
3084	6	4
3085	10	2
3086	10	4
3087	7	4
3088	10	3
3089	9	7
3090	12	7
3091	4	2
3092	9	4
3093	6	8
3094	9	3
3095	7	2
3096	7	2
3097	5	5
3098	8	1
3099	4	1
3100	4	6
3101	7	7
3102	6	4
3103	10	2
3104	10	4
3105	16	2
3106	8	5
3107	6	1
3108	11	6
3109	1	5
3110	7	5
3111	9	6
3112	6	7
3113	9	5
3114	5	7
3115	2	5
3116	8	5
3117	5	5
3118	7	4
3119	8	4
3120	1	10
3121	4	6
3122	8	1
3123	7	2
3124	6	1
3125	10	6
3126	11	1
3127	4	4
3128	9	5
3129	11	1
3130	5	4
3131	12	6
3132	8	5
3133	7	2
3134	10	4
3135	8	5
3136	8	5
3137	10	2
3138	13	6
3139	6	3
3140	8	4
3141	6	3
3142	3	1
3143	7	4
3144	8	7
3145	7	5
3146	5	3
3147	5	4
3148	9	2
3149	4	5
3150	7	4
3151	10	7
3152	6	4
3153	4	1
3154	9	2
3155	7	4
3156	4	5
3157	10	4
3158	6	4
3159	2	3
3160	9	6
3161	9	4
3162	5	1
3163	6	2
3164	4	4
3165	4	5
3166	1	3
3167	14	3
3168	9	4
3169	5	2
3170	3	7
3171	5	4
3172	12	3
3173	8	4
3174	8	1
3175	13	4
3176	4	5
3177	13	3
3178	7	1
3179	9	4
3180	7	2
3181	4	6
3182	8	3
3183	5	4
3184	6	4
3185	7	1
3186	3	2
3187	9	2
3188	10	6
3189	6	3
3190	4	4
3191	8	0
3192	4	3
3193	2	4
3194	12	2
3195	6	3
3196	5	4
3197	6	10
3198	2	7
3199	3	3
3200	9	3
3201	5	3
3202	6	0
3203	5	5
3204	8	4
3205	9	3
3206	3	4
3207	7	5
3208	5	3
3209	6	2
3210	9	2
3211	8	4
3212	5	6
3213	3	3
3214	10	4
3215	11	3
3216	7	8
3217	7	3
3218	6	2
3219	3	4
3220	10	6
3221	1	4
3222	5	2
3223	5	3
3224	7	2
3225	4	5
3226	9	5
3227	3	6
3228	3	3
3229	7	3
3230	6	3
3231	8	2
3232	5	1
3233	5	1
3234	8	2
3235	10	2
3236	5	6
3237	6	5
3238	8	3
3239	7	0
3240	7	3
3241	3	4
3242	6	1
3243	4	6
3244	6	1
3245	6	5
3246	10	3
3247	6	4
3248	2	6
3249	4	2
3250	4	6
3251	7	5
3252	7	2
3253	4	2
3254	7	2
3255	5	8
3256	6	1
3257	5	7
3258	5	1
3259	6	1
3260	3	4
3261	2	1
3262	6	1
3263	5	1
3264	7	3
3265	6	1
3266	6	3
3267	7	2
3268	8	2
3269	1	6
3270	10	2
3271	4	3
3272	6	4
3273	5	3
3274	10	2
3275	7	4
3276	6	1
3277	6	4
3278	4	2
3279	6	4
3280	5	2
3281	8	1
3282	4	1
3283	4	0
3284	7	3
3285	6	1
3286	5	6
3287	8	2
3288	5	3
3289	6	4
3290	3	4
3291	3	3
3292	5	7
3293	5	4
3294	8	0
3295	5	1
3296	10	5
3297	3	4
3298	6	4
3299	6	2
3300	9	3
3301	4	5
3302	5	4
3303	5	4
3304	4	0
3305	3	1
3306	7	2
3307	4	3
3308	3	2
3309	7	4
3310	2	0
3311	6	1
3312	8	2
3313	9	6
3314	6	4
3315	5	5
3316	7	3
3317	7	1
3318	8	2
3319	2	3
3320	3	5
3321	5	5
3322	3	2
3323	6	2
3324	3	2
3325	3	3
3326	6	0
3327	8	4
3328	4	5
3329	7	4
3330	4	4
3331	4	2
3332	4	1
3333	6	3
3334	3	4
3335	6	2
3336	7	3
3337	4	6
3338	4	3
3339	3	3
3340	4	2
3341	7	1
3342	1	0
3343	3	3
3344	8	2
3345	8	2
3346	4	3
3347	4	2
3348	3	1
3349	6	4
3350	4	3
3351	5	1
3352	4	1
3353	7	3
3354	6	7
3355	4	2
3356	4	1
3357	7	3
3358	4	4
3359	5	2
3360	4	2
3361	3	0
3362	1	1
3363	4	1
3364	3	4
3365	6	5
3366	4	2
3367	4	1
3368	3	5
3369	3	3
3370	5	3
3371	2	2
3372	3	5
3373	6	4
3374	8	1
3375	3	1
3376	7	0
3377	5	1
3378	9	3
3379	4	1
3380	3	1
3381	3	0
3382	5	4
3383	6	1
3384	3	1
3385	1	4
3386	5	2
3387	3	1
3388	4	2
3389	4	1
3390	5	4
3391	3	1
3392	5	4
3393	4	4
3394	1	3
3395	4	5
3396	3	1
3397	5	2
3398	5	1
3399	7	2
3400	5	3
3401	1	1
3402	7	6
3403	5	3
3404	4	1
3405	5	1
3406	7	1
3407	4	4
3408	6	6
3409	2	4
3410	2	0
3411	6	2
3412	2	0
3413	3	1
3414	4	2
3415	7	1
3416	5	4
3417	3	3
3418	5	2
3419	2	1
3420	4	2
3421	5	3
3422	4	4
3423	4	4
3424	2	4
3425	3	3
3426	3	5
3427	6	3
3428	4	3
3429	5	1
3430	5	2
3431	2	5
3432	3	3
3433	1	4
3434	7	1
3435	2	1
3436	1	1
3437	6	3
3438	1	2
3439	4	1
3440	3	4
3441	6	3
3442	3	4
3443	8	0
3444	2	4
3445	4	4
3446	4	1
3447	5	3
3448	3	1
3449	3	2
3450	5	3
3451	5	3
3452	2	1
3453	5	1
3454	4	0
3455	3	0
3456	4	2
3457	6	0
3458	4	2
3459	4	3
3460	3	4
3461	6	4
3462	3	3
3463	3	1
3464	6	2
3465	6	1
3466	2	1
3467	2	0
3468	3	3
3469	3	3
3470	2	4
3471	1	1
3472	2	2
3473	6	1
3474	4	5
3475	4	2
3476	4	3
3477	5	1
3478	1	0
3479	3	2
3480	2	3
3481	6	3
3482	3	0
3483	4	0
3484	5	1
3485	4	1
3486	4	6
3487	6	3
3488	0	0
3489	3	0
3490	5	1
3491	6	3
3492	4	5
3493	1	3
3494	4	2
3495	4	1
3496	4	0
3497	4	1
3498	3	4
3499	0	1
3500	1	3
3501	4	0
3502	7	1
3503	0	1
3504	4	3
3505	4	2
3506	6	0
3507	2	1
3508	5	0
3509	3	1
3510	7	2
3511	3	1
3512	2	1
3513	3	1
3514	2	3
3515	6	1
3516	7	4
3517	5	1
3518	3	3
3519	5	0
3520	3	1
3521	2	2
3522	1	3
3523	0	4
3524	5	3
3525	3	2
3526	5	2
3527	0	4
3528	1	1
3529	5	0
3530	5	5
3531	6	1
3532	2	3
3533	4	0
3534	1	1
3535	3	2
3536	2	0
3537	8	2
3538	0	1
3539	4	1
3540	1	3
3541	6	2
3542	5	1
3543	1	2
3544	2	1
3545	2	2
3546	5	1
3547	3	4
3548	3	2
3549	4	1
3550	4	1
3551	4	2
3552	1	0
3553	3	4
3554	2	0
3555	3	3
3556	3	1
3557	1	2
3558	2	2
3559	3	1
3560	3	1
3561	5	1
3562	7	2
3563	1	1
3564	9	3
3565	1	1
3566	4	6
3567	1	0
3568	3	0
3569	1	1
3570	0	1
3571	4	2
3572	3	2
3573	3	3
3574	3	5
3575	2	2
3576	3	0
3577	1	1
3578	3	1
3579	3	2
3580	2	1
3581	4	5
3582	0	0
3583	5	0
3584	4	2
3585	2	2
3586	2	1
3587	6	2
3588	3	4
3589	3	1
3590	3	3
3591	4	0
3592	2	3
3593	2	1
3594	4	3
3595	0	0
3596	6	2
3597	6	1
3598	2	1
3599	4	0
3600	7	3
3601	5	1
3602	2	1
3603	4	1
3604	1	0
3605	4	5
3606	2	2
3607	5	2
3608	2	3
3609	3	2
3610	7	0
3611	2	2
3612	5	0
3613	4	2
3614	3	3
3615	3	2
3616	3	5
3617	5	1
3618	2	0
3619	6	1
3620	1	3
3621	5	1
3622	8	1
3623	2	2
3624	3	3
3625	3	1
3626	5	2
3627	3	5
3628	4	0
3629	5	7
3630	2	3
3631	6	0
3632	3	2
3633	3	1
3634	4	3
3635	7	2
3636	4	5
3637	9	2
3638	5	0
3639	5	3
3640	2	0
3641	6	2
3642	2	0
3643	2	2
3644	5	0
3645	5	6
3646	3	0
3647	6	2
3648	1	1
3649	1	1
3650	4	3
3651	5	1
3652	5	3
3653	2	5
3654	8	1
3655	4	1
3656	6	3
3657	2	4
3658	3	1
3659	5	1
3660	3	3
3661	4	4
3662	2	2
3663	3	1
3664	5	5
3665	2	1
3666	4	1
3667	5	3
3668	1	0
3669	3	2
3670	5	1
3671	4	0
3672	9	2
3673	3	1
3674	3	3
3675	2	1
3676	0	1
3677	2	0
3678	1	1
3679	4	2
3680	2	2
3681	0	2
3682	2	4
3683	3	2
3684	3	1
3685	1	3
3686	2	3
3687	3	3
3688	3	3
3689	4	3
3690	3	1
3691	4	4
3692	2	2
3693	3	4
3694	6	0
3695	0	0
3696	2	1
3697	2	1
3698	4	3
3699	2	1
3700	1	2
3701	5	4
3702	3	2
3703	5	2
3704	3	2
3705	2	2
3706	3	2
3707	3	0
3708	2	2
3709	1	0
3710	6	1
3711	2	1
3712	2	2
3713	6	0
3714	4	1
3715	2	0
3716	1	0
3717	4	1
3718	2	3
3719	3	0
3720	2	2
3721	4	1
3722	3	1
3723	2	1
3724	1	0
3725	7	2
3726	2	3
3727	4	2
3728	1	3
3729	0	0
3730	1	4
3731	1	2
3732	4	1
3733	2	1
3734	1	2
3735	3	0
3736	1	2
3737	0	0
3738	6	1
3739	2	2
3740	5	3
3741	5	3
3742	2	3
3743	3	1
3744	1	3
3745	2	1
3746	3	1
3747	3	0
3748	0	1
3749	6	2
3750	2	0
3751	4	1
3752	2	3
3753	5	0
3754	3	4
3755	1	2
3756	0	5
3757	5	2
3758	2	1
3759	4	1
3760	2	2
3761	6	2
3762	0	1
3763	3	2
3764	5	0
3765	1	0
3766	2	2
3767	4	0
3768	4	1
3769	2	1
3770	2	0
3771	2	1
3772	2	3
3773	1	0
3774	5	3
3775	4	1
3776	4	1
3777	0	2
3778	6	4
3779	4	1
3780	2	1
3781	4	0
3782	2	1
3783	1	1
3784	1	2
3785	2	1
3786	0	1
3787	4	0
3788	8	2
3789	3	2
3790	2	3
3791	0	3
3792	2	2
3793	4	1
3794	1	1
3795	3	0
3796	1	2
3797	2	3
3798	1	1
3799	3	2
3800	4	0
3801	1	0
3802	3	3
3803	5	1
3804	3	1
3805	3	0
3806	1	2
3807	3	3
3808	0	0
3809	2	1
3810	4	2
3811	0	0
3812	1	1
3813	2	1
3814	1	1
3815	1	3
3816	0	2
3817	2	1
3818	4	2
3819	3	2
3820	4	0
3821	0	0
3822	3	1
3823	0	3
3824	1	1
3825	1	0
3826	1	1
3827	2	0
3828	5	0
3829	3	0
3830	1	1
3831	2	1
3832	3	2
3833	3	2
3834	1	0
3835	2	3
3836	0	1
3837	2	1
3838	2	1
3839	2	0
3840	0	0
3841	1	1
3842	3	1
3843	1	0
3844	1	2
3845	4	1
3846	1	0
3847	1	0
3848	1	1
3849	2	1
3850	0	1
3851	1	0
3852	2	1
3853	2	0
3854	3	0
3855	1	0
3856	4	1
3857	2	1
3858	2	1
3859	1	1
3860	0	2
3861	2	0
3862	2	0
3863	2	0
3864	2	1
3865	1	0
3866	1	0
3867	0	0
3868	0	2
3869	1	2
3870	1	1
3871	2	0
3872	3	0
3873	0	0
3874	1	1
3875	1	1
3876	1	0
3877	1	2
3878	3	1
3879	3	0
3880	3	0
3881	1	0
3882	0	1
3883	1	1
3884	1	1
3885	2	0
3886	3	1
3887	4	1
3888	1	1
3889	1	0
3890	0	1
3891	2	0
3892	0	0
3893	1	1
3894	2	0
3895	2	0
3896	0	0
3897	2	0
3898	1	0
3899	2	1
3900	0	2
3901	3	0
3902	2	0
3903	2	0
3904	2	0
3905	3	2
3906	1	1
3907	1	0
3908	1	1
3909	3	0
3910	4	0
3911	1	0
3912	4	1
3913	0	1
3914	1	0
3915	1	2
3916	2	2
3917	2	0
3918	1	0
3919	2	0
3920	4	0
3921	1	1
3922	3	1
3923	1	1
3924	2	1
3925	0	0
3926	1	0
3927	3	1
3928	2	0
3929	3	0
3930	2	2
3931	1	0
3932	2	0
3933	1	2
3934	5	1
3935	4	0
3936	1	1
3937	0	1
3938	1	0
3939	2	1
3940	1	1
3941	1	0
3942	0	0
3943	2	1
3944	2	0
3945	4	3
3946	1	1
3947	0	1
3948	0	0
3949	0	0
3950	0	0
3951	1	1
3952	1	1
3953	2	1
3954	1	0
3955	2	1
3956	2	1
3957	0	0
3958	2	0
3959	1	1
3960	1	0
3961	0	0
3962	0	1
3963	0	1
3964	1	0
3965	2	2
3966	2	0
3967	1	1
3968	3	1
3969	0	0
3970	0	2
3971	2	1
3972	0	1
3973	0	1
3974	4	0
3975	0	1
3976	2	1
3977	1	0
3978	1	0
3979	2	1
3980	1	0
3981	2	0
3982	0	0
3983	2	1
3984	1	0
3985	1	1
3986	0	0
3987	2	1
3988	2	1
3989	1	0
3990	0	0
3991	2	1
3992	0	0
3993	0	2
3994	3	2
3995	1	0
3996	1	0
3997	2	1
3998	3	0
3999	2	0
4000	1	0
