0	20	0
1	11	0
2	15	0
3	25	0
4	11	0
5	11	0
6	15	0
7	13	0
8	17	0
9	16	0
10	10	0
11	11	0
12	15	0
13	16	0
14	22	0
15	23	1
16	20	0
17	24	0
18	21	0
19	18	0
20	20	1
21	13	9
22	21	47
23	37	62
24	123	52
25	483	45
26	1174	58
27	1138	61
28	1164	68
29	1283	63
30	1222	68
31	1361	80
32	1138	78
33	1040	75
34	1039	80
35	872	74
36	825	66
37	895	85
38	743	56
39	639	66
40	750	101
41	600	73
42	700	91
43	562	101
44	529	81
45	601	103
46	621	88
47	635	122
48	544	101
49	523	133
50	551	133
51	467	114
52	493	133
53	566	155
54	492	139
55	503	127
56	541	142
57	436	123
58	542	142
59	469	138
60	473	131
61	571	130
62	514	113
63	481	111
64	547	114
65	506	135
66	537	97
67	476	118
68	460	93
69	520	133
70	454	94
71	508	91
72	508	123
73	464	87
74	543	135
75	515	105
76	490	106
77	521	116
78	533	122
79	488	115
80	517	134
81	475	134
82	565	149
83	452	94
84	502	110
85	585	176
86	455	116
87	563	161
88	459	128
89	436	140
90	543	150
91	454	130
92	504	146
93	539	135
94	481	149
95	637	187
96	452	138
97	486	161
98	489	172
99	473	144
100	492	144
101	608	174
102	479	170
103	502	181
104	522	184
105	454	169
106	538	222
107	521	202
108	474	193
109	510	219
110	513	241
111	555	230
112	537	239
113	530	207
114	517	239
115	449	196
116	482	211
117	537	286
118	500	221
119	500	239
120	517	245
121	511	236
122	569	301
123	449	253
124	507	211
125	546	291
126	482	263
127	451	253
128	561	289
129	499	309
130	523	293
131	525	271
132	454	264
133	602	325
134	472	268
135	505	322
136	525	306
137	524	277
138	579	327
139	554	324
140	492	301
141	509	292
142	552	319
143	566	296
144	526	297
145	550	287
146	513	310
147	450	291
148	513	342
149	560	361
150	469	292
151	548	342
152	498	278
153	469	290
154	572	376
155	473	290
156	556	326
157	512	311
158	549	337
159	575	354
160	577	324
161	537	313
162	551	370
163	494	319
164	501	321
165	578	402
166	502	273
167	485	304
168	555	365
169	481	287
170	586	373
171	512	347
172	457	271
173	524	324
174	548	334
175	506	355
176	502	306
177	525	326
178	519	347
179	491	289
180	532	330
181	569	355
182	468	306
183	518	335
184	572	365
185	495	297
186	584	358
187	451	315
188	521	307
189	543	384
190	567	333
191	595	355
192	507	311
193	496	327
194	582	325
195	533	300
196	477	297
197	581	362
198	483	286
199	592	320
200	560	296
201	460	261
202	610	311
203	528	309
204	461	284
205	593	323
206	589	317
207	498	270
208	590	288
209	538	315
210	550	343
211	485	287
212	524	315
213	564	348
214	479	291
215	605	318
216	538	261
217	539	257
218	601	336
219	483	291
220	539	306
221	580	309
222	618	312
223	638	368
224	541	288
225	560	297
226	582	334
227	544	271
228	534	262
229	587	304
230	513	258
231	508	244
232	580	299
233	502	269
234	593	309
235	618	305
236	487	253
237	547	273
238	570	294
239	576	279
240	539	262
241	540	288
242	593	264
243	509	257
244	512	258
245	589	319
246	531	229
247	565	312
248	528	274
249	520	256
250	584	295
251	569	296
252	524	253
253	573	307
254	570	238
255	539	206
256	669	346
257	584	243
258	598	257
259	531	251
260	519	227
261	643	297
262	549	247
263	594	226
264	555	274
265	562	233
266	634	278
267	570	230
268	545	217
269	617	275
270	588	236
271	564	199
272	564	218
273	558	249
274	581	253
275	533	238
276	595	261
277	677	243
278	572	198
279	734	241
280	548	240
281	602	225
282	648	245
283	566	245
284	603	216
285	585	236
286	644	223
287	704	236
288	611	222
289	637	228
290	617	227
291	598	234
292	638	190
293	740	260
294	574	208
295	595	207
296	701	260
297	594	173
298	695	252
299	648	247
300	580	210
301	627	230
302	676	240
303	717	224
304	580	200
305	618	204
306	670	233
307	569	207
308	644	194
309	678	230
310	589	179
311	647	205
312	661	205
313	619	198
314	730	239
315	630	223
316	646	200
317	656	223
318	680	225
319	598	168
320	695	222
321	675	181
322	684	199
323	615	199
324	628	184
325	723	243
326	614	171
327	663	191
328	662	194
329	580	218
330	745	213
331	656	190
332	595	201
333	677	184
334	700	203
335	623	176
336	754	185
337	624	194
338	685	208
339	581	170
340	694	206
341	777	203
342	684	178
343	684	205
344	655	179
345	605	162
346	724	197
347	544	159
348	696	186
349	696	176
350	667	171
351	820	243
352	581	160
353	623	172
354	694	213
355	603	168
356	572	163
357	734	200
358	570	174
359	627	167
360	671	192
361	604	150
362	713	187
363	669	197
364	578	156
365	652	186
366	622	204
367	677	172
368	667	170
369	608	181
370	697	166
371	618	147
372	657	145
373	733	167
374	571	151
375	655	178
376	612	178
377	605	176
378	624	193
379	605	136
380	625	162
381	622	174
382	673	165
383	729	181
384	586	129
385	634	133
386	645	155
387	607	177
388	589	140
389	719	164
390	593	168
391	593	150
392	616	154
393	543	143
394	664	176
395	595	142
396	577	141
397	591	155
398	587	162
399	597	150
400	616	145
401	615	154
402	650	185
403	510	148
404	585	159
405	668	181
406	568	147
407	604	194
408	557	130
409	551	123
410	650	163
411	505	138
412	620	155
413	579	157
414	605	155
415	679	138
416	626	138
417	594	144
418	563	146
419	515	137
420	545	132
421	650	154
422	574	140
423	547	106
424	622	152
425	513	119
426	635	145
427	569	138
428	517	146
429	562	129
430	579	151
431	634	156
432	567	105
433	558	113
434	579	120
435	506	106
436	573	119
437	627	134
438	546	122
439	555	118
440	591	110
441	552	96
442	641	153
443	515	108
444	560	119
445	587	130
446	573	130
447	616	111
448	516	109
449	546	107
450	555	112
451	560	105
452	508	113
453	632	136
454	490	110
455	543	109
456	553	130
457	516	102
458	574	98
459	549	118
460	491	97
461	568	116
462	591	112
463	489	123
464	584	105
465	502	103
466	569	131
467	472	95
468	502	108
469	610	130
470	524	102
471	540	103
472	509	104
473	490	105
474	534	105
475	444	90
476	552	100
477	550	127
478	541	102
479	649	126
480	526	82
481	533	102
482	537	93
483	495	107
484	469	84
485	576	134
486	461	76
487	483	78
488	516	106
489	522	90
490	627	83
491	510	110
492	495	97
493	541	114
494	563	92
495	576	102
496	502	86
497	529	93
498	552	100
499	452	83
500	474	109
501	552	116
502	495	94
503	555	91
504	481	81
505	511	68
506	522	91
507	511	90
508	501	80
509	543	79
510	479	91
511	464	86
512	686	118
513	548	95
514	568	90
515	489	101
516	488	75
517	563	100
518	481	68
519	506	80
520	498	79
521	440	82
522	553	99
523	483	86
524	478	91
525	520	92
526	497	90
527	496	81
528	503	77
529	459	103
530	500	82
531	417	70
532	490	72
533	549	69
534	482	79
535	490	85
536	462	76
537	450	62
538	512	87
539	464	72
540	463	79
541	504	80
542	514	84
543	576	93
544	527	85
545	504	78
546	539	80
547	472	76
548	444	82
549	553	101
550	444	68
551	442	72
552	480	82
553	423	64
554	536	84
555	505	90
556	480	63
557	480	79
558	473	69
559	545	95
560	488	77
561	478	85
562	544	82
563	438	62
564	450	74
565	536	90
566	460	68
567	529	74
568	473	81
569	431	65
570	523	84
571	481	54
572	448	69
573	507	75
574	544	83
575	479	76
576	521	79
577	481	75
578	477	76
579	455	69
580	466	77
581	544	70
582	454	57
583	515	74
584	511	65
585	435	67
586	550	82
587	469	65
588	406	62
589	447	64
590	511	92
591	458	70
592	519	80
593	504	70
594	540	73
595	466	51
596	464	49
597	502	78
598	458	81
599	532	61
600	428	60
601	452	71
602	489	66
603	436	57
604	501	60
605	479	64
606	466	68
607	603	95
608	449	64
609	478	52
610	478	71
611	493	68
612	467	55
613	522	53
614	426	50
615	495	61
616	503	68
617	430	57
618	525	66
619	455	60
620	433	72
621	461	56
622	514	58
623	483	67
624	411	63
625	471	44
626	528	58
627	452	44
628	455	46
629	543	60
630	484	53
631	471	52
632	487	70
633	429	58
634	509	64
635	448	54
636	467	58
637	474	47
638	493	56
639	448	32
640	551	61
641	497	61
642	515	49
643	448	44
644	433	41
645	528	53
646	474	59
647	507	49
648	495	47
649	411	47
650	546	66
651	463	50
652	479	42
653	476	44
654	496	50
655	465	42
656	508	61
657	458	50
658	518	53
659	419	48
660	517	63
661	512	48
662	483	43
663	497	45
664	450	56
665	464	33
666	522	54
667	468	55
668	491	52
669	497	47
670	477	41
671	560	46
672	506	50
673	495	43
674	482	48
675	430	50
676	446	38
677	531	34
678	421	42
679	454	41
680	505	50
681	398	55
682	528	41
683	493	31
684	422	34
685	492	57
686	484	45
687	502	44
688	419	45
689	447	46
690	503	50
691	396	39
692	431	35
693	482	52
694	459	34
695	473	37
696	445	46
697	451	34
698	486	34
699	395	37
700	470	32
701	461	32
702	462	41
703	518	44
704	415	44
705	420	46
706	462	38
707	434	45
708	407	39
709	453	53
710	428	33
711	425	45
712	416	41
713	408	41
714	436	42
715	414	42
716	418	43
717	392	34
718	421	39
719	425	33
720	430	43
721	405	24
722	400	37
723	374	27
724	418	33
725	447	41
726	372	29
727	441	41
728	404	32
729	343	32
730	442	42
731	401	35
732	411	32
733	449	57
734	384	37
735	425	46
736	381	41
737	380	39
738	414	35
739	371	37
740	374	39
741	419	46
742	339	38
743	376	29
744	390	29
745	325	33
746	428	38
747	407	30
748	333	37
749	398	31
750	423	38
751	390	33
752	330	22
753	361	28
754	404	34
755	326	27
756	372	28
757	420	30
758	335	43
759	403	29
760	363	35
761	351	25
762	387	30
763	305	36
764	372	28
765	337	46
766	399	29
767	421	37
768	350	30
769	317	42
770	352	34
771	335	36
772	312	26
773	405	39
774	338	38
775	351	35
776	323	22
777	311	20
778	413	41
779	315	36
780	312	24
781	342	33
782	361	31
783	330	22
784	338	35
785	331	24
786	334	39
787	275	32
788	306	26
789	392	36
790	287	40
791	343	33
792	334	36
793	291	26
794	349	44
795	340	22
796	348	35
797	348	32
798	318	42
799	382	26
800	328	30
801	314	39
802	313	29
803	301	41
804	286	30
805	352	29
806	322	25
807	285	24
808	351	33
809	286	17
810	353	27
811	310	35
812	336	23
813	324	20
814	346	28
815	370	39
816	273	21
817	329	18
818	325	25
819	305	21
820	346	26
821	335	34
822	313	30
823	333	31
824	366	34
825	329	22
826	367	26
827	339	21
828	323	27
829	338	25
830	319	27
831	294	38
832	333	38
833	335	29
834	350	24
835	284	29
836	320	19
837	380	32
838	288	30
839	337	30
840	360	27
841	277	29
842	334	31
843	333	31
844	310	21
845	351	28
846	319	46
847	297	39
848	323	32
849	330	25
850	314	25
851	277	34
852	333	26
853	363	20
854	340	29
855	340	18
856	331	29
857	315	26
858	339	41
859	331	31
860	349	26
861	314	27
862	333	31
863	428	38
864	291	25
865	325	26
866	335	30
867	287	17
868	332	17
869	397	20
870	321	36
871	311	25
872	370	23
873	308	35
874	365	38
875	343	26
876	300	20
877	375	17
878	347	18
879	380	29
880	320	17
881	313	27
882	352	19
883	299	21
884	359	23
885	360	27
886	306	24
887	356	20
888	304	15
889	343	20
890	370	20
891	372	20
892	324	24
893	385	23
894	363	24
895	409	29
896	342	25
897	341	29
898	350	17
899	354	20
900	359	29
901	372	27
902	310	23
903	338	30
904	375	20
905	322	16
906	406	23
907	400	23
908	343	35
909	367	27
910	409	23
911	392	16
912	363	26
913	363	22
914	404	24
915	349	20
916	371	24
917	409	26
918	387	22
919	392	24
920	375	23
921	355	24
922	418	34
923	338	17
924	353	30
925	435	32
926	370	23
927	485	26
928	429	14
929	364	24
930	440	21
931	363	18
932	407	29
933	428	24
934	364	24
935	403	22
936	440	23
937	395	18
938	470	26
939	435	20
940	414	32
941	408	17
942	513	26
943	520	16
944	393	12
945	441	23
946	459	24
947	423	18
948	428	23
949	490	18
950	481	19
951	479	15
952	499	29
953	446	25
954	485	33
955	471	24
956	487	20
957	540	17
958	514	24
959	586	38
960	466	24
961	517	24
962	519	15
963	486	17
964	508	22
965	599	24
966	538	15
967	562	33
968	580	23
969	537	24
970	639	26
971	575	28
972	610	17
973	605	23
974	607	33
975	614	21
976	657	20
977	549	24
978	727	27
979	567	18
980	677	18
981	675	30
982	657	19
983	686	20
984	650	17
985	678	24
986	798	21
987	684	17
988	701	19
989	795	21
990	751	28
991	886	30
992	644	17
993	714	27
994	793	27
995	715	24
996	693	14
997	844	21
998	732	24
999	771	17
1000	806	24
1001	726	28
1002	884	20
1003	844	30
1004	812	24
1005	845	20
1006	858	21
1007	862	28
1008	749	18
1009	864	16
1010	890	22
1011	790	29
1012	815	21
1013	979	19
1014	777	18
1015	915	22
1016	817	24
1017	804	23
1018	959	24
1019	872	20
1020	881	20
1021	965	22
1022	873	20
1023	365	6
1024	1451	27
1025	895	23
1026	981	22
1027	856	27
1028	832	13
1029	961	25
1030	814	22
1031	944	27
1032	909	18
1033	808	24
1034	998	31
1035	946	29
1036	846	24
1037	895	20
1038	982	21
1039	920	15
1040	887	24
1041	902	27
1042	929	20
1043	869	22
1044	874	14
1045	930	30
1046	872	17
1047	885	22
1048	849	16
1049	862	26
1050	906	12
1051	816	23
1052	863	26
1053	847	25
1054	857	18
1055	972	20
1056	909	27
1057	808	26
1058	889	20
1059	748	15
1060	746	19
1061	863	28
1062	740	20
1063	728	24
1064	819	16
1065	731	18
1066	856	17
1067	756	23
1068	659	13
1069	763	20
1070	736	28
1071	800	23
1072	671	13
1073	701	26
1074	723	21
1075	653	21
1076	664	30
1077	784	26
1078	660	23
1079	704	20
1080	651	12
1081	617	23
1082	670	25
1083	600	20
1084	650	15
1085	661	24
1086	617	24
1087	611	23
1088	639	21
1089	615	27
1090	599	24
1091	565	18
1092	518	21
1093	619	26
1094	519	26
1095	552	16
1096	551	11
1097	493	18
1098	582	18
1099	580	17
1100	465	15
1101	550	13
1102	541	15
1103	507	18
1104	542	17
1105	528	15
1106	508	20
1107	445	21
1108	495	25
1109	475	21
1110	456	21
1111	487	20
1112	422	15
1113	448	17
1114	486	16
1115	433	23
1116	436	20
1117	495	20
1118	467	22
1119	552	24
1120	380	21
1121	439	22
1122	450	20
1123	395	22
1124	425	24
1125	446	22
1126	408	22
1127	394	15
1128	426	11
1129	384	15
1130	421	24
1131	409	21
1132	392	17
1133	373	17
1134	404	30
1135	413	22
1136	371	9
1137	422	19
1138	368	12
1139	327	22
1140	362	26
1141	398	17
1142	362	16
1143	395	18
1144	344	15
1145	343	23
1146	380	26
1147	350	24
1148	337	13
1149	360	13
1150	362	22
1151	342	12
1152	432	13
1153	345	16
1154	366	22
1155	347	12
1156	315	17
1157	398	17
1158	329	15
1159	350	18
1160	338	19
1161	319	13
1162	361	24
1163	387	19
1164	303	16
1165	364	21
1166	372	14
1167	315	12
1168	338	19
1169	346	16
1170	349	14
1171	298	12
1172	333	14
1173	377	18
1174	335	20
1175	375	12
1176	330	17
1177	326	18
1178	345	19
1179	336	13
1180	336	16
1181	357	19
1182	342	8
1183	340	19
1184	379	24
1185	326	14
1186	351	21
1187	328	11
1188	320	13
1189	371	8
1190	320	10
1191	316	14
1192	321	21
1193	310	10
1194	375	16
1195	289	13
1196	296	11
1197	321	17
1198	347	20
1199	337	18
1200	293	14
1201	272	13
1202	329	19
1203	286	15
1204	302	13
1205	341	20
1206	313	10
1207	273	15
1208	313	18
1209	332	8
1210	316	16
1211	299	9
1212	303	14
1213	347	12
1214	318	16
1215	358	22
1216	283	14
1217	335	12
1218	330	9
1219	267	10
1220	287	14
1221	348	15
1222	284	11
1223	268	14
1224	303	18
1225	315	12
1226	305	16
1227	334	7
1228	299	12
1229	320	13
1230	325	17
1231	301	10
1232	298	11
1233	295	9
1234	334	17
1235	269	14
1236	339	17
1237	339	14
1238	322	12
1239	307	15
1240	290	9
1241	296	9
1242	330	12
1243	300	8
1244	293	11
1245	312	8
1246	315	10
1247	341	23
1248	311	12
1249	289	16
1250	307	9
1251	297	11
1252	298	11
1253	334	15
1254	262	14
1255	315	8
1256	322	9
1257	291	13
1258	284	15
1259	312	17
1260	293	14
1261	285	16
1262	295	14
1263	320	11
1264	262	10
1265	309	13
1266	303	11
1267	292	9
1268	281	17
1269	323	16
1270	299	13
1271	330	7
1272	292	11
1273	322	16
1274	316	10
1275	297	13
1276	262	15
1277	357	15
1278	320	5
1279	295	11
1280	381	11
1281	325	21
1282	344	15
1283	291	15
1284	278	13
1285	326	21
1286	310	12
1287	321	12
1288	282	13
1289	295	12
1290	326	7
1291	298	13
1292	262	6
1293	314	16
1294	300	6
1295	287	16
1296	297	18
1297	302	15
1298	338	13
1299	266	11
1300	337	11
1301	328	9
1302	303	10
1303	327	8
1304	261	14
1305	292	12
1306	286	12
1307	287	11
1308	313	9
1309	290	11
1310	287	13
1311	295	15
1312	318	12
1313	304	10
1314	323	11
1315	290	14
1316	292	10
1317	319	12
1318	321	11
1319	286	16
1320	301	14
1321	293	12
1322	366	11
1323	314	8
1324	302	6
1325	327	11
1326	333	14
1327	311	12
1328	277	17
1329	287	11
1330	320	12
1331	279	9
1332	293	12
1333	339	11
1334	292	12
1335	317	11
1336	289	4
1337	291	14
1338	354	8
1339	281	11
1340	310	14
1341	285	11
1342	292	12
1343	268	7
1344	307	14
1345	293	11
1346	289	14
1347	263	16
1348	293	6
1349	304	16
1350	287	9
1351	283	12
1352	314	13
1353	294	12
1354	321	12
1355	320	12
1356	286	8
1357	311	7
1358	327	11
1359	291	8
1360	306	14
1361	259	9
1362	316	13
1363	263	9
1364	298	9
1365	316	12
1366	299	10
1367	310	13
1368	310	17
1369	312	12
1370	325	13
1371	291	15
1372	279	12
1373	320	14
1374	296	8
1375	362	8
1376	277	11
1377	291	8
1378	319	7
1379	313	13
1380	300	11
1381	348	8
1382	278	10
1383	286	9
1384	302	8
1385	295	10
1386	320	11
1387	306	10
1388	270	13
1389	321	5
1390	294	11
1391	333	10
1392	286	20
1393	311	6
1394	320	11
1395	259	10
1396	308	8
1397	349	12
1398	306	8
1399	315	5
1400	285	9
1401	278	9
1402	305	11
1403	302	8
1404	272	11
1405	304	8
1406	319	8
1407	339	13
1408	288	6
1409	304	16
1410	296	5
1411	301	9
1412	272	5
1413	353	17
1414	274	5
1415	318	14
1416	306	14
1417	247	12
1418	309	11
1419	300	10
1420	258	6
1421	289	10
1422	318	9
1423	293	8
1424	293	11
1425	286	14
1426	294	8
1427	275	13
1428	285	11
1429	323	4
1430	249	5
1431	259	14
1432	247	12
1433	275	9
1434	294	10
1435	283	9
1436	282	14
1437	281	11
1438	271	10
1439	304	6
1440	288	6
1441	260	14
1442	270	16
1443	247	10
1444	232	9
1445	287	9
1446	280	5
1447	243	6
1448	296	13
1449	244	10
1450	299	6
1451	244	7
1452	256	7
1453	275	6
1454	275	11
1455	298	6
1456	254	14
1457	279	10
1458	322	17
1459	228	7
1460	260	7
1461	260	8
1462	243	6
1463	271	6
1464	269	8
1465	255	11
1466	263	13
1467	229	9
1468	248	10
1469	230	10
1470	266	16
1471	262	6
1472	246	5
1473	283	7
1474	257	11
1475	237	6
1476	236	10
1477	288	5
1478	248	13
1479	262	5
1480	220	6
1481	252	14
1482	273	9
1483	249	6
1484	239	8
1485	249	10
1486	252	9
1487	215	12
1488	255	9
1489	234	6
1490	249	8
1491	218	15
1492	241	16
1493	264	14
1494	217	12
1495	244	9
1496	212	9
1497	223	9
1498	279	14
1499	240	8
1500	276	16
1501	259	12
1502	249	16
1503	315	11
1504	214	5
1505	221	8
1506	242	3
1507	223	11
1508	213	8
1509	234	10
1510	216	6
1511	234	13
1512	238	14
1513	213	8
1514	257	15
1515	228	13
1516	217	7
1517	231	10
1518	230	6
1519	222	13
1520	208	11
1521	233	8
1522	238	7
1523	215	10
1524	228	18
1525	241	10
1526	223	11
1527	242	8
1528	224	11
1529	232	9
1530	265	9
1531	253	15
1532	203	11
1533	250	7
1534	238	9
1535	225	13
1536	257	14
1537	220	10
1538	232	8
1539	212	8
1540	182	4
1541	261	9
1542	216	4
1543	237	8
1544	208	8
1545	192	11
1546	236	14
1547	210	3
1548	209	14
1549	233	8
1550	238	10
1551	241	9
1552	234	6
1553	196	9
1554	225	9
1555	210	5
1556	222	12
1557	259	9
1558	242	9
1559	226	12
1560	197	10
1561	223	7
1562	251	12
1563	225	6
1564	234	7
1565	229	7
1566	226	11
1567	239	15
1568	229	10
1569	224	4
1570	221	9
1571	203	11
1572	234	9
1573	287	13
1574	208	11
1575	210	13
1576	255	9
1577	228	6
1578	241	8
1579	201	11
1580	203	8
1581	220	10
1582	215	11
1583	245	6
1584	210	5
1585	190	6
1586	219	14
1587	229	4
1588	217	6
1589	238	6
1590	190	10
1591	206	11
1592	224	10
1593	209	6
1594	253	7
1595	214	6
1596	221	10
1597	208	12
1598	244	7
1599	203	7
1600	224	8
1601	232	4
1602	237	12
1603	193	3
1604	215	6
1605	206	11
1606	206	11
1607	222	7
1608	204	7
1609	250	9
1610	235	7
1611	224	2
1612	219	7
1613	223	12
1614	232	8
1615	209	3
1616	222	12
1617	214	4
1618	236	7
1619	184	4
1620	216	8
1621	222	8
1622	208	6
1623	208	4
1624	205	8
1625	210	10
1626	246	5
1627	222	2
1628	217	8
1629	207	4
1630	219	8
1631	260	6
1632	222	5
1633	213	8
1634	228	17
1635	188	7
1636	209	5
1637	258	12
1638	213	4
1639	196	8
1640	196	5
1641	190	1
1642	228	3
1643	233	6
1644	184	8
1645	232	9
1646	230	5
1647	197	9
1648	203	6
1649	225	4
1650	208	8
1651	225	9
1652	228	7
1653	237	7
1654	194	7
1655	222	9
1656	198	10
1657	227	4
1658	219	9
1659	196	3
1660	187	8
1661	227	6
1662	225	6
1663	197	9
1664	263	6
1665	196	5
1666	236	8
1667	219	4
1668	215	8
1669	216	12
1670	220	4
1671	209	7
1672	195	7
1673	185	7
1674	212	3
1675	215	6
1676	196	7
1677	218	6
1678	228	9
1679	213	7
1680	211	7
1681	226	8
1682	244	11
1683	226	7
1684	226	10
1685	245	6
1686	225	6
1687	223	6
1688	212	5
1689	207	9
1690	231	7
1691	192	5
1692	221	5
1693	231	8
1694	226	7
1695	267	8
1696	251	5
1697	237	13
1698	207	7
1699	189	6
1700	200	5
1701	253	9
1702	227	7
1703	235	8
1704	247	8
1705	227	6
1706	262	7
1707	212	5
1708	214	6
1709	250	6
1710	278	5
1711	249	7
1712	219	4
1713	241	6
1714	248	6
1715	240	4
1716	227	6
1717	248	12
1718	230	5
1719	277	7
1720	269	12
1721	231	8
1722	249	4
1723	224	3
1724	242	3
1725	247	6
1726	262	9
1727	290	6
1728	227	4
1729	274	7
1730	301	4
1731	256	4
1732	255	5
1733	281	8
1734	244	6
1735	238	3
1736	281	4
1737	244	6
1738	257	7
1739	282	5
1740	279	8
1741	311	9
1742	282	5
1743	271	3
1744	303	4
1745	272	9
1746	296	7
1747	220	5
1748	295	6
1749	284	6
1750	308	7
1751	292	4
1752	282	4
1753	289	9
1754	301	7
1755	290	8
1756	306	10
1757	295	6
1758	275	8
1759	361	5
1760	264	9
1761	308	6
1762	323	5
1763	266	3
1764	279	6
1765	337	11
1766	304	9
1767	295	6
1768	321	6
1769	301	4
1770	382	8
1771	290	7
1772	314	10
1773	315	4
1774	341	10
1775	359	10
1776	284	5
1777	350	4
1778	358	5
1779	298	6
1780	314	13
1781	360	10
1782	313	9
1783	341	7
1784	311	4
1785	305	6
1786	399	6
1787	343	6
1788	326	8
1789	331	5
1790	347	5
1791	367	7
1792	342	18
1793	322	15
1794	327	9
1795	271	5
1796	348	10
1797	352	11
1798	321	9
1799	326	5
1800	349	4
1801	313	12
1802	323	12
1803	301	7
1804	315	9
1805	327	6
1806	320	8
1807	309	5
1808	300	7
1809	298	5
1810	328	7
1811	284	6
1812	319	6
1813	349	6
1814	305	3
1815	285	9
1816	324	13
1817	290	6
1818	319	6
1819	333	8
1820	299	4
1821	286	5
1822	297	7
1823	336	6
1824	318	7
1825	285	8
1826	310	4
1827	281	10
1828	307	8
1829	327	5
1830	303	3
1831	266	2
1832	341	8
1833	237	5
1834	300	6
1835	288	7
1836	286	3
1837	304	6
1838	302	6
1839	258	4
1840	253	6
1841	257	8
1842	285	6
1843	248	8
1844	279	8
1845	292	7
1846	246	9
1847	240	8
1848	253	2
1849	259	9
1850	302	8
1851	262	2
1852	245	8
1853	263	7
1854	234	6
1855	265	5
1856	245	5
1857	229	4
1858	239	10
1859	213	5
1860	236	9
1861	269	3
1862	203	4
1863	216	6
1864	201	6
1865	236	8
1866	253	2
1867	241	3
1868	231	6
1869	205	6
1870	255	8
1871	203	8
1872	211	6
1873	218	4
1874	224	5
1875	203	7
1876	216	10
1877	198	5
1878	197	2
1879	210	8
1880	225	4
1881	206	6
1882	217	8
1883	196	7
1884	212	5
1885	207	8
1886	233	8
1887	238	8
1888	184	6
1889	190	6
1890	188	8
1891	158	5
1892	218	5
1893	210	7
1894	191	8
1895	192	6
1896	190	3
1897	188	3
1898	176	7
1899	177	3
1900	172	8
1901	186	9
1902	214	3
1903	187	8
1904	192	5
1905	181	3
1906	206	8
1907	186	11
1908	199	6
1909	199	8
1910	184	5
1911	182	2
1912	183	5
1913	175	7
1914	197	8
1915	158	3
1916	181	7
1917	175	5
1918	195	6
1919	210	5
1920	194	6
1921	210	5
1922	205	12
1923	175	4
1924	189	3
1925	176	4
1926	179	5
1927	196	6
1928	190	2
1929	162	10
1930	214	11
1931	189	4
1932	189	6
1933	180	8
1934	181	8
1935	173	2
1936	193	1
1937	189	6
1938	218	8
1939	176	3
1940	200	5
1941	189	3
1942	195	6
1943	233	2
1944	164	6
1945	198	11
1946	223	7
1947	170	3
1948	196	7
1949	203	8
1950	219	7
1951	235	11
1952	193	7
1953	184	7
1954	215	7
1955	188	7
1956	192	2
1957	220	6
1958	216	3
1959	200	5
1960	207	7
1961	219	4
1962	207	7
1963	204	9
1964	215	2
1965	228	4
1966	247	4
1967	202	7
1968	230	8
1969	211	4
1970	250	4
1971	193	7
1972	229	7
1973	226	3
1974	222	3
1975	208	2
1976	218	4
1977	204	12
1978	221	3
1979	238	4
1980	225	6
1981	245	3
1982	245	3
1983	241	3
1984	207	4
1985	238	9
1986	235	1
1987	235	2
1988	242	3
1989	251	4
1990	236	3
1991	267	4
1992	264	5
1993	255	6
1994	264	6
1995	271	3
1996	253	1
1997	244	2
1998	271	3
1999	259	8
2000	256	1
2001	236	2
2002	244	3
2003	218	4
2004	274	5
2005	293	6
2006	237	3
2007	280	3
2008	236	4
2009	261	5
2010	277	7
2011	240	2
2012	254	4
2013	258	6
2014	273	4
2015	343	5
2016	236	6
2017	245	6
2018	261	5
2019	243	4
2020	249	1
2021	293	3
2022	254	0
2023	250	5
2024	222	6
2025	268	6
2026	291	5
2027	268	7
2028	254	4
2029	244	5
2030	276	5
2031	261	8
2032	230	2
2033	246	6
2034	266	5
2035	257	7
2036	228	4
2037	254	8
2038	236	5
2039	266	6
2040	251	3
2041	245	4
2042	263	6
2043	278	2
2044	255	4
2045	263	5
2046	258	3
2047	303	1
2048	185	3
2049	231	7
2050	264	8
2051	227	2
2052	241	4
2053	239	3
2054	220	4
2055	233	3
2056	238	4
2057	208	0
2058	255	4
2059	220	5
2060	229	3
2061	253	6
2062	220	8
2063	231	2
2064	229	2
2065	232	3
2066	250	6
2067	179	3
2068	224	6
2069	222	4
2070	197	6
2071	224	6
2072	200	5
2073	207	4
2074	220	7
2075	204	5
2076	216	4
2077	218	5
2078	213	3
2079	185	5
2080	235	3
2081	210	2
2082	207	7
2083	155	2
2084	171	5
2085	206	5
2086	186	2
2087	162	9
2088	200	3
2089	163	6
2090	224	3
2091	174	3
2092	174	7
2093	184	5
2094	204	4
2095	179	5
2096	168	3
2097	183	9
2098	163	4
2099	152	8
2100	170	4
2101	177	3
2102	140	7
2103	158	2
2104	152	4
2105	131	2
2106	144	1
2107	187	7
2108	158	2
2109	151	3
2110	180	3
2111	141	3
2112	168	11
2113	166	4
2114	152	5
2115	166	1
2116	145	3
2117	131	4
2118	136	5
2119	140	8
2120	145	2
2121	140	3
2122	177	3
2123	147	4
2124	133	7
2125	130	5
2126	132	2
2127	146	8
2128	132	4
2129	124	3
2130	155	5
2131	113	3
2132	133	5
2133	129	2
2134	104	7
2135	128	5
2136	115	4
2137	138	4
2138	112	2
2139	114	5
2140	116	1
2141	110	3
2142	117	3
2143	143	1
2144	99	1
2145	118	3
2146	118	3
2147	108	2
2148	105	0
2149	137	5
2150	108	2
2151	110	6
2152	126	7
2153	130	5
2154	114	8
2155	96	8
2156	113	4
2157	96	2
2158	111	6
2159	120	0
2160	85	1
2161	93	5
2162	86	1
2163	85	5
2164	102	2
2165	104	6
2166	107	3
2167	70	5
2168	106	5
2169	98	6
2170	103	3
2171	110	5
2172	86	2
2173	92	5
2174	92	3
2175	66	8
2176	110	4
2177	97	4
2178	99	4
2179	93	3
2180	102	5
2181	96	3
2182	78	9
2183	107	3
2184	77	2
2185	92	6
2186	108	6
2187	96	9
2188	99	5
2189	67	2
2190	85	6
2191	76	4
2192	71	4
2193	75	5
2194	86	4
2195	80	5
2196	103	2
2197	80	5
2198	107	3
2199	78	3
2200	76	6
2201	93	6
2202	92	2
2203	88	5
2204	90	5
2205	83	4
2206	59	5
2207	100	6
2208	80	5
2209	83	6
2210	84	6
2211	69	3
2212	76	7
2213	93	2
2214	71	5
2215	94	7
2216	92	2
2217	81	0
2218	106	2
2219	88	9
2220	71	1
2221	75	8
2222	79	2
2223	78	1
2224	68	6
2225	76	6
2226	53	2
2227	70	4
2228	67	12
2229	90	7
2230	76	6
2231	72	5
2232	73	3
2233	71	5
2234	67	5
2235	65	5
2236	76	1
2237	65	5
2238	69	3
2239	56	6
2240	77	3
2241	60	5
2242	60	6
2243	63	4
2244	59	1
2245	78	4
2246	68	4
2247	60	2
2248	57	7
2249	60	5
2250	55	2
2251	62	5
2252	72	5
2253	59	6
2254	63	6
2255	57	4
2256	88	8
2257	62	5
2258	68	2
2259	53	9
2260	63	3
2261	80	7
2262	57	5
2263	81	7
2264	70	8
2265	65	5
2266	61	5
2267	78	5
2268	66	6
2269	68	9
2270	62	10
2271	76	5
2272	62	5
2273	57	7
2274	75	2
2275	47	3
2276	69	7
2277	82	8
2278	67	6
2279	71	4
2280	62	6
2281	65	4
2282	76	5
2283	60	5
2284	62	3
2285	59	7
2286	63	5
2287	60	2
2288	59	4
2289	56	4
2290	63	6
2291	57	4
2292	68	6
2293	61	6
2294	67	6
2295	53	1
2296	49	2
2297	63	3
2298	56	6
2299	51	5
2300	52	2
2301	57	7
2302	59	9
2303	54	5
2304	68	3
2305	62	8
2306	63	3
2307	60	3
2308	63	4
2309	70	1
2310	60	6
2311	42	4
2312	63	7
2313	47	8
2314	53	3
2315	52	6
2316	58	4
2317	61	3
2318	73	2
2319	35	7
2320	60	7
2321	46	4
2322	55	3
2323	51	2
2324	53	2
2325	61	5
2326	49	7
2327	62	7
2328	35	5
2329	56	4
2330	53	5
2331	52	5
2332	51	6
2333	44	7
2334	62	3
2335	48	2
2336	66	4
2337	61	4
2338	67	5
2339	52	12
2340	58	3
2341	48	3
2342	55	3
2343	51	6
2344	45	4
2345	43	4
2346	52	1
2347	57	3
2348	51	6
2349	60	3
2350	53	4
2351	55	4
2352	46	6
2353	61	3
2354	56	4
2355	42	5
2356	51	4
2357	47	5
2358	37	1
2359	63	3
2360	62	2
2361	45	4
2362	47	5
2363	50	4
2364	56	3
2365	48	7
2366	48	4
2367	47	3
2368	54	3
2369	57	3
2370	57	3
2371	51	0
2372	46	3
2373	47	9
2374	43	6
2375	46	2
2376	52	5
2377	49	4
2378	51	4
2379	45	7
2380	48	3
2381	33	4
2382	47	3
2383	49	6
2384	53	6
2385	69	1
2386	57	2
2387	53	5
2388	36	4
2389	48	6
2390	62	3
2391	45	6
2392	46	4
2393	43	5
2394	46	3
2395	47	2
2396	32	4
2397	38	4
2398	52	2
2399	57	2
2400	50	3
2401	46	3
2402	56	2
2403	37	1
2404	47	5
2405	44	3
2406	39	4
2407	39	0
2408	36	3
2409	44	2
2410	57	4
2411	63	5
2412	43	6
2413	40	2
2414	37	4
2415	44	2
2416	45	3
2417	43	7
2418	39	3
2419	36	2
2420	51	1
2421	51	4
2422	41	3
2423	42	1
2424	40	2
2425	39	5
2426	56	6
2427	43	1
2428	35	5
2429	55	5
2430	54	1
2431	47	3
2432	57	2
2433	51	1
2434	46	1
2435	41	2
2436	46	4
2437	69	1
2438	40	4
2439	44	2
2440	44	5
2441	52	1
2442	58	1
2443	45	3
2444	35	1
2445	37	6
2446	44	5
2447	30	2
2448	47	3
2449	43	3
2450	39	5
2451	46	1
2452	37	4
2453	44	6
2454	44	2
2455	32	0
2456	47	3
2457	37	3
2458	52	5
2459	37	4
2460	30	3
2461	40	2
2462	45	2
2463	51	1
2464	44	3
2465	45	2
2466	55	4
2467	43	1
2468	38	2
2469	54	8
2470	38	0
2471	39	5
2472	28	6
2473	41	3
2474	45	1
2475	33	1
2476	40	2
2477	35	3
2478	55	2
2479	43	1
2480	44	2
2481	30	6
2482	36	4
2483	42	3
2484	35	2
2485	48	2
2486	42	0
2487	23	4
2488	44	2
2489	42	1
2490	40	3
2491	34	0
2492	44	0
2493	27	7
2494	55	0
2495	48	1
2496	36	1
2497	44	2
2498	46	5
2499	38	1
2500	39	2
2501	33	4
2502	40	3
2503	31	1
2504	48	1
2505	30	0
2506	44	1
2507	35	1
2508	34	2
2509	31	4
2510	31	4
2511	46	1
2512	25	2
2513	44	4
2514	48	0
2515	33	5
2516	39	3
2517	38	5
2518	43	2
2519	46	1
2520	39	3
2521	37	2
2522	30	3
2523	30	2
2524	49	5
2525	34	3
2526	33	2
2527	46	3
2528	37	1
2529	52	2
2530	37	3
2531	45	1
2532	27	2
2533	40	2
2534	44	3
2535	30	2
2536	40	4
2537	40	3
2538	33	5
2539	37	1
2540	33	5
2541	32	5
2542	41	2
2543	41	1
2544	32	1
2545	32	2
2546	32	1
2547	48	2
2548	25	2
2549	41	1
2550	35	6
2551	30	1
2552	19	5
2553	39	3
2554	44	2
2555	46	2
2556	28	1
2557	36	3
2558	31	4
2559	39	4
2560	42	2
2561	37	3
2562	44	1
2563	48	1
2564	31	1
2565	41	2
2566	39	2
2567	30	5
2568	39	2
2569	34	2
2570	45	1
2571	27	2
2572	31	3
2573	30	2
2574	41	3
2575	33	3
2576	40	2
2577	29	4
2578	39	3
2579	24	0
2580	32	3
2581	37	6
2582	33	4
2583	32	1
2584	39	3
2585	35	4
2586	37	0
2587	31	1
2588	25	3
2589	24	3
2590	39	2
2591	29	2
2592	39	2
2593	30	0
2594	33	5
2595	35	3
2596	27	1
2597	24	2
2598	28	1
2599	30	3
2600	30	3
2601	31	2
2602	38	1
2603	32	3
2604	34	0
2605	36	1
2606	50	4
2607	37	0
2608	24	1
2609	23	0
2610	37	3
2611	24	2
2612	26	2
2613	26	3
2614	22	3
2615	29	1
2616	38	1
2617	30	2
2618	44	1
2619	31	1
2620	37	2
2621	33	3
2622	33	2
2623	33	1
2624	29	2
2625	30	1
2626	32	2
2627	33	3
2628	28	1
2629	28	3
2630	31	5
2631	23	0
2632	30	1
2633	33	2
2634	25	1
2635	22	2
2636	27	0
2637	25	1
2638	39	2
2639	26	3
2640	31	1
2641	36	4
2642	35	4
2643	29	3
2644	32	1
2645	29	4
2646	29	7
2647	27	3
2648	30	4
2649	26	1
2650	33	4
2651	24	0
2652	27	2
2653	30	2
2654	31	1
2655	35	3
2656	27	2
2657	22	2
2658	33	2
2659	22	3
2660	33	1
2661	31	1
2662	23	0
2663	20	2
2664	24	1
2665	18	1
2666	31	3
2667	25	1
2668	26	1
2669	32	0
2670	35	1
2671	21	0
2672	23	1
2673	27	1
2674	24	2
2675	27	2
2676	35	2
2677	44	3
2678	32	0
2679	30	1
2680	32	2
2681	22	5
2682	23	0
2683	22	2
2684	32	0
2685	24	2
2686	31	3
2687	24	0
2688	33	2
2689	16	0
2690	24	6
2691	22	2
2692	25	5
2693	35	2
2694	29	4
2695	21	3
2696	31	0
2697	31	1
2698	37	0
2699	24	0
2700	23	3
2701	31	3
2702	20	0
2703	26	2
2704	27	2
2705	35	2
2706	38	1
2707	32	2
2708	27	1
2709	33	1
2710	15	1
2711	26	0
2712	27	0
2713	25	1
2714	26	3
2715	24	1
2716	33	1
2717	31	5
2718	34	1
2719	23	1
2720	29	1
2721	31	2
2722	31	0
2723	35	1
2724	34	3
2725	21	0
2726	34	4
2727	25	1
2728	20	3
2729	13	0
2730	25	3
2731	27	1
2732	21	2
2733	24	1
2734	29	3
2735	24	2
2736	34	1
2737	32	1
2738	29	5
2739	25	2
2740	25	1
2741	26	1
2742	28	1
2743	26	1
2744	20	4
2745	31	1
2746	37	2
2747	24	0
2748	20	1
2749	16	0
2750	18	2
2751	32	3
2752	35	4
2753	24	2
2754	23	2
2755	24	2
2756	21	0
2757	20	4
2758	33	1
2759	19	2
2760	32	1
2761	30	3
2762	32	1
2763	27	1
2764	27	3
2765	28	1
2766	29	2
2767	20	0
2768	30	1
2769	27	1
2770	21	3
2771	25	1
2772	36	2
2773	31	4
2774	27	1
2775	15	3
2776	25	1
2777	23	0
2778	38	2
2779	35	0
2780	21	0
2781	18	3
2782	28	1
2783	16	2
2784	24	1
2785	23	2
2786	29	0
2787	20	2
2788	29	2
2789	15	0
2790	24	1
2791	21	2
2792	17	2
2793	23	0
2794	25	1
2795	21	1
2796	16	0
2797	23	2
2798	23	1
2799	19	0
2800	28	0
2801	23	1
2802	23	6
2803	22	4
2804	14	0
2805	30	2
2806	27	1
2807	25	2
2808	22	1
2809	22	1
2810	21	1
2811	28	0
2812	18	0
2813	32	1
2814	22	0
2815	26	2
2816	19	2
2817	33	2
2818	29	0
2819	13	2
2820	20	0
2821	36	1
2822	21	0
2823	17	2
2824	17	1
2825	19	2
2826	24	1
2827	18	2
2828	16	2
2829	20	1
2830	18	4
2831	22	2
2832	23	2
2833	23	1
2834	17	0
2835	21	2
2836	21	1
2837	30	0
2838	24	0
2839	22	1
2840	11	1
2841	27	3
2842	24	1
2843	28	1
2844	17	0
2845	23	0
2846	32	0
2847	18	0
2848	23	4
2849	22	3
2850	16	3
2851	30	1
2852	18	3
2853	20	1
2854	19	0
2855	17	0
2856	20	1
2857	26	0
2858	17	0
2859	29	0
2860	31	2
2861	14	1
2862	24	0
2863	13	1
2864	22	0
2865	21	1
2866	19	1
2867	23	1
2868	16	1
2869	24	2
2870	23	0
2871	23	2
2872	22	1
2873	24	3
2874	26	1
2875	28	1
2876	20	0
2877	20	1
2878	27	1
2879	17	0
2880	21	0
2881	24	2
2882	19	0
2883	25	1
2884	16	1
2885	19	1
2886	26	0
2887	27	0
2888	19	3
2889	16	1
2890	26	0
2891	22	1
2892	20	1
2893	16	1
2894	24	0
2895	18	1
2896	16	2
2897	25	1
2898	12	0
2899	23	1
2900	14	0
2901	23	1
2902	18	1
2903	21	0
2904	21	1
2905	17	0
2906	22	2
2907	19	0
2908	21	0
2909	23	1
2910	21	0
2911	27	0
2912	16	2
2913	22	2
2914	22	1
2915	21	1
2916	15	3
2917	17	2
2918	19	2
2919	19	0
2920	20	1
2921	19	0
2922	16	1
2923	25	0
2924	18	1
2925	15	1
2926	25	2
2927	18	1
2928	15	1
2929	12	1
2930	21	1
2931	18	0
2932	18	1
2933	21	1
2934	24	0
2935	19	0
2936	19	1
2937	23	0
2938	25	3
2939	24	1
2940	20	0
2941	9	2
2942	19	3
2943	27	0
2944	21	2
2945	14	0
2946	25	0
2947	17	0
2948	16	0
2949	21	1
2950	19	0
2951	10	2
2952	19	2
2953	16	3
2954	23	3
2955	19	0
2956	15	1
2957	15	0
2958	25	0
2959	16	1
2960	20	2
2961	20	1
2962	16	0
2963	16	1
2964	16	1
2965	14	0
2966	15	0
2967	25	0
2968	20	0
2969	18	0
2970	16	3
2971	21	3
2972	17	1
2973	12	0
2974	22	3
2975	25	2
2976	16	2
2977	16	3
2978	17	3
2979	16	2
2980	14	0
2981	16	0
2982	11	0
2983	13	1
2984	21	0
2985	11	2
2986	16	2
2987	16	1
2988	12	0
2989	15	3
2990	19	3
2991	24	0
2992	20	1
2993	21	1
2994	22	0
2995	12	2
2996	19	0
2997	18	2
2998	17	0
2999	16	2
3000	19	0
3001	14	3
3002	26	0
3003	20	1
3004	17	0
3005	14	1
3006	8	0
3007	23	0
3008	13	1
3009	20	0
3010	13	0
3011	21	2
3012	17	2
3013	14	4
3014	10	0
3015	12	1
3016	30	2
3017	13	2
3018	15	1
3019	10	1
3020	26	2
3021	16	2
3022	18	1
3023	15	0
3024	27	2
3025	11	0
3026	14	0
3027	14	1
3028	12	0
3029	22	2
3030	26	0
3031	15	4
3032	10	0
3033	19	1
3034	18	1
3035	12	2
3036	27	0
3037	18	1
3038	22	0
3039	19	1
3040	19	0
3041	21	1
3042	17	2
3043	13	0
3044	23	0
3045	20	1
3046	19	0
3047	14	1
3048	16	1
3049	7	1
3050	16	0
3051	15	2
3052	14	1
3053	12	1
3054	21	0
3055	17	1
3056	15	0
3057	14	2
3058	17	0
3059	17	1
3060	16	0
3061	15	0
3062	23	3
3063	19	1
3064	21	1
3065	10	2
3066	17	1
3067	12	1
3068	18	1
3069	16	3
3070	17	2
3071	16	2
3072	12	2
3073	17	2
3074	27	0
3075	8	1
3076	14	2
3077	17	1
3078	14	1
3079	19	2
3080	11	2
3081	20	1
3082	19	1
3083	19	1
3084	16	1
3085	18	2
3086	11	0
3087	11	0
3088	12	4
3089	14	1
3090	15	1
3091	14	4
3092	15	1
3093	14	2
3094	21	3
3095	12	1
3096	17	1
3097	21	0
3098	16	0
3099	13	1
3100	14	0
3101	14	2
3102	12	2
3103	17	1
3104	16	1
3105	17	0
3106	14	0
3107	18	0
3108	18	0
3109	16	0
3110	9	1
3111	11	1
3112	14	1
3113	16	2
3114	19	1
3115	11	0
3116	22	1
3117	21	0
3118	16	2
3119	10	1
3120	12	2
3121	10	2
3122	9	3
3123	14	0
3124	17	0
3125	12	3
3126	24	1
3127	10	2
3128	15	1
3129	10	1
3130	14	1
3131	15	0
3132	15	1
3133	26	2
3134	12	0
3135	13	1
3136	12	0
3137	13	2
3138	22	0
3139	9	1
3140	13	0
3141	18	0
3142	13	1
3143	15	1
3144	10	0
3145	10	1
3146	13	1
3147	12	0
3148	16	1
3149	14	1
3150	9	0
3151	12	0
3152	18	1
3153	20	1
3154	12	1
3155	6	2
3156	14	1
3157	14	0
3158	16	0
3159	8	1
3160	12	2
3161	13	0
3162	20	1
3163	10	0
3164	13	1
3165	11	1
3166	7	0
3167	14	1
3168	13	1
3169	13	0
3170	11	2
3171	15	0
3172	15	1
3173	21	4
3174	11	2
3175	6	1
3176	12	1
3177	10	2
3178	14	2
3179	12	2
3180	11	1
3181	11	2
3182	12	1
3183	14	0
3184	13	2
3185	7	1
3186	16	2
3187	14	1
3188	11	0
3189	13	0
3190	18	1
3191	19	0
3192	16	0
3193	8	1
3194	10	1
3195	19	1
3196	11	3
3197	15	1
3198	11	0
3199	9	1
3200	19	2
3201	12	1
3202	18	1
3203	5	0
3204	18	0
3205	15	2
3206	15	0
3207	14	2
3208	19	2
3209	11	1
3210	11	4
3211	12	0
3212	15	2
3213	12	2
3214	19	1
3215	10	1
3216	13	2
3217	12	5
3218	11	0
3219	9	1
3220	20	0
3221	14	0
3222	24	2
3223	14	0
3224	11	0
3225	14	2
3226	13	1
3227	9	2
3228	12	1
3229	11	0
3230	12	2
3231	6	1
3232	11	0
3233	9	0
3234	18	1
3235	8	0
3236	14	1
3237	6	1
3238	9	0
3239	8	0
3240	16	0
3241	11	1
3242	10	1
3243	17	1
3244	15	1
3245	11	0
3246	11	0
3247	11	0
3248	20	1
3249	3	1
3250	13	0
3251	15	0
3252	8	1
3253	15	1
3254	16	0
3255	12	0
3256	13	0
3257	9	0
3258	8	3
3259	8	0
3260	13	1
3261	11	2
3262	17	1
3263	13	1
3264	14	2
3265	9	1
3266	10	1
3267	14	0
3268	8	0
3269	12	0
3270	7	1
3271	14	2
3272	12	0
3273	14	0
3274	9	1
3275	10	1
3276	8	0
3277	10	0
3278	12	0
3279	14	0
3280	13	2
3281	16	3
3282	12	2
3283	10	1
3284	12	0
3285	8	3
3286	16	1
3287	15	0
3288	6	1
3289	10	1
3290	15	2
3291	16	1
3292	11	0
3293	10	1
3294	15	1
3295	10	0
3296	11	1
3297	17	1
3298	8	1
3299	6	0
3300	9	3
3301	10	0
3302	15	1
3303	10	0
3304	12	1
3305	10	0
3306	15	1
3307	11	1
3308	8	1
3309	10	0
3310	8	2
3311	6	0
3312	10	1
3313	10	1
3314	6	2
3315	9	1
3316	11	1
3317	5	0
3318	11	0
3319	11	3
3320	15	0
3321	20	1
3322	15	0
3323	9	0
3324	12	1
3325	11	1
3326	13	1
3327	12	1
3328	8	1
3329	10	1
3330	9	2
3331	10	2
3332	14	1
3333	8	1
3334	13	0
3335	8	3
3336	11	0
3337	6	1
3338	12	0
3339	11	1
3340	10	0
3341	6	3
3342	8	1
3343	5	1
3344	12	0
3345	10	1
3346	8	2
3347	9	1
3348	7	2
3349	13	0
3350	10	0
3351	9	0
3352	9	0
3353	9	5
3354	16	3
3355	9	0
3356	8	2
3357	10	0
3358	13	1
3359	10	2
3360	9	0
3361	4	1
3362	10	1
3363	12	1
3364	6	0
3365	14	0
3366	11	1
3367	8	3
3368	6	0
3369	8	3
3370	9	1
3371	8	1
3372	8	3
3373	14	2
3374	12	0
3375	17	2
3376	6	1
3377	11	1
3378	7	2
3379	12	2
3380	7	0
3381	9	2
3382	7	0
3383	13	0
3384	10	0
3385	7	1
3386	7	2
3387	10	1
3388	13	1
3389	8	0
3390	9	1
3391	9	0
3392	9	0
3393	7	1
3394	6	1
3395	8	0
3396	7	2
3397	4	0
3398	17	1
3399	10	0
3400	7	0
3401	16	1
3402	11	3
3403	8	0
3404	8	1
3405	6	0
3406	7	0
3407	7	1
3408	8	2
3409	12	1
3410	8	0
3411	8	1
3412	7	2
3413	12	1
3414	8	0
3415	13	1
3416	5	2
3417	8	1
3418	8	2
3419	9	4
3420	8	3
3421	7	1
3422	7	0
3423	14	0
3424	10	0
3425	8	1
3426	13	1
3427	7	0
3428	13	1
3429	8	3
3430	13	0
3431	8	0
3432	5	0
3433	9	0
3434	5	0
3435	4	0
3436	11	0
3437	9	0
3438	16	1
3439	8	1
3440	6	0
3441	8	0
3442	7	2
3443	9	2
3444	6	0
3445	11	0
3446	10	2
3447	9	0
3448	6	1
3449	10	0
3450	6	0
3451	4	3
3452	6	0
3453	8	0
3454	5	0
3455	5	0
3456	4	1
3457	9	0
3458	5	2
3459	4	0
3460	7	0
3461	6	1
3462	5	0
3463	7	0
3464	11	2
3465	6	0
3466	9	2
3467	7	0
3468	5	0
3469	8	0
3470	8	0
3471	9	0
3472	10	1
3473	4	0
3474	13	1
3475	8	1
3476	11	1
3477	8	0
3478	9	1
3479	11	1
3480	8	1
3481	7	2
3482	8	0
3483	10	2
3484	4	0
3485	6	0
3486	12	1
3487	10	0
3488	7	1
3489	8	0
3490	7	1
3491	6	2
3492	5	1
3493	9	0
3494	7	0
3495	4	1
3496	9	0
3497	3	1
3498	11	0
3499	4	0
3500	9	1
3501	13	2
3502	5	0
3503	4	0
3504	8	3
3505	8	0
3506	10	1
3507	12	3
3508	1	0
3509	11	0
3510	9	1
3511	11	0
3512	5	1
3513	7	0
3514	8	1
3515	8	0
3516	5	0
3517	5	1
3518	9	0
3519	9	1
3520	5	0
3521	13	0
3522	13	0
3523	6	1
3524	10	2
3525	12	0
3526	7	0
3527	4	1
3528	8	2
3529	7	0
3530	5	3
3531	5	1
3532	7	1
3533	10	0
3534	7	0
3535	7	0
3536	4	0
3537	11	2
3538	5	1
3539	6	0
3540	6	0
3541	3	0
3542	4	1
3543	12	0
3544	7	1
3545	8	1
3546	10	1
3547	9	1
3548	7	3
3549	6	0
3550	10	1
3551	5	1
3552	11	0
3553	9	0
3554	6	0
3555	9	3
3556	1	0
3557	7	1
3558	4	0
3559	7	0
3560	1	1
3561	13	0
3562	13	1
3563	10	0
3564	10	1
3565	3	0
3566	5	0
3567	8	0
3568	7	1
3569	4	0
3570	7	0
3571	8	0
3572	7	2
3573	2	2
3574	7	0
3575	1	0
3576	6	0
3577	11	1
3578	6	0
3579	5	1
3580	7	0
3581	8	0
3582	7	0
3583	5	1
3584	7	2
3585	11	0
3586	8	0
3587	4	1
3588	6	3
3589	5	0
3590	9	1
3591	5	1
3592	8	0
3593	4	2
3594	12	0
3595	9	0
3596	8	0
3597	9	0
3598	8	0
3599	8	0
3600	7	0
3601	9	1
3602	12	1
3603	9	1
3604	7	2
3605	2	0
3606	3	2
3607	6	0
3608	4	2
3609	9	0
3610	3	0
3611	9	1
3612	6	0
3613	8	0
3614	7	1
3615	4	0
3616	10	0
3617	8	0
3618	8	1
3619	7	0
3620	7	1
3621	10	0
3622	4	0
3623	5	0
3624	3	0
3625	10	0
3626	4	0
3627	9	0
3628	10	0
3629	9	0
3630	6	0
3631	11	0
3632	9	0
3633	6	1
3634	7	1
3635	6	1
3636	5	0
3637	4	0
3638	13	0
3639	3	1
3640	10	0
3641	6	1
3642	10	0
3643	10	1
3644	10	0
3645	6	2
3646	2	0
3647	6	1
3648	13	1
3649	9	1
3650	6	4
3651	8	0
3652	8	1
3653	5	0
3654	2	0
3655	10	0
3656	8	0
3657	8	1
3658	8	0
3659	3	1
3660	6	0
3661	6	2
3662	11	0
3663	4	1
3664	5	1
3665	7	3
3666	6	0
3667	7	0
3668	7	0
3669	6	2
3670	7	0
3671	8	0
3672	8	0
3673	2	0
3674	11	0
3675	4	0
3676	8	0
3677	10	0
3678	6	0
3679	10	0
3680	5	0
3681	3	0
3682	10	0
3683	7	0
3684	8	0
3685	6	0
3686	9	0
3687	12	0
3688	10	0
3689	9	0
3690	6	0
3691	4	0
3692	4	1
3693	7	0
3694	13	1
3695	9	0
3696	11	0
3697	9	0
3698	4	0
3699	6	1
3700	8	2
3701	2	2
3702	7	2
3703	11	0
3704	11	0
3705	2	2
3706	7	0
3707	4	2
3708	5	0
3709	6	0
3710	11	1
3711	4	0
3712	8	0
3713	11	0
3714	6	1
3715	5	1
3716	5	1
3717	5	1
3718	5	1
3719	4	2
3720	8	2
3721	8	1
3722	6	2
3723	5	0
3724	13	2
3725	5	1
3726	3	4
3727	7	2
3728	9	0
3729	7	0
3730	11	0
3731	6	2
3732	7	0
3733	6	0
3734	6	1
3735	5	1
3736	6	0
3737	5	0
3738	5	1
3739	5	0
3740	7	1
3741	8	0
3742	7	0
3743	4	2
3744	4	1
3745	8	0
3746	4	0
3747	9	0
3748	3	1
3749	6	0
3750	7	1
3751	8	0
3752	4	1
3753	11	0
3754	6	0
3755	7	0
3756	6	0
3757	8	1
3758	8	1
3759	5	1
3760	5	1
3761	5	0
3762	7	1
3763	8	0
3764	2	0
3765	6	0
3766	4	0
3767	2	0
3768	4	0
3769	10	0
3770	9	0
3771	8	0
3772	6	1
3773	4	1
3774	8	0
3775	5	0
3776	4	0
3777	4	0
3778	7	1
3779	4	1
3780	4	0
3781	5	0
3782	6	0
3783	2	0
3784	6	0
3785	9	0
3786	3	1
3787	3	1
3788	3	0
3789	7	1
3790	5	0
3791	2	0
3792	3	0
3793	4	0
3794	2	0
3795	4	0
3796	4	1
3797	2	0
3798	4	1
3799	9	1
3800	7	0
3801	2	0
3802	3	1
3803	3	0
3804	3	1
3805	3	0
3806	8	0
3807	4	1
3808	2	1
3809	6	0
3810	3	0
3811	5	0
3812	3	0
3813	5	0
3814	2	0
3815	2	0
3816	6	1
3817	11	0
3818	8	1
3819	5	0
3820	3	1
3821	6	1
3822	4	0
3823	1	0
3824	5	0
3825	0	0
3826	4	1
3827	4	0
3828	2	0
3829	2	1
3830	2	1
3831	4	1
3832	0	0
3833	4	1
3834	0	1
3835	6	0
3836	3	1
3837	2	0
3838	3	0
3839	8	0
3840	3	1
3841	2	0
3842	2	0
3843	5	1
3844	1	2
3845	5	1
3846	2	1
3847	3	0
3848	4	0
3849	0	0
3850	4	0
3851	7	0
3852	1	1
3853	1	0
3854	2	2
3855	2	0
3856	6	0
3857	3	1
3858	2	1
3859	5	0
3860	2	1
3861	3	0
3862	3	0
3863	5	0
3864	1	1
3865	3	1
3866	5	0
3867	1	0
3868	3	0
3869	4	0
3870	4	0
3871	4	0
3872	5	0
3873	5	0
3874	4	0
3875	2	0
3876	2	0
3877	0	0
3878	4	0
3879	6	0
3880	3	0
3881	2	0
3882	3	0
3883	6	0
3884	5	0
3885	4	1
3886	4	1
3887	6	0
3888	2	0
3889	2	0
3890	2	0
3891	5	1
3892	1	0
3893	2	0
3894	2	2
3895	3	0
3896	0	1
3897	2	0
3898	3	0
3899	4	0
3900	4	1
3901	4	0
3902	2	0
3903	3	1
3904	4	0
3905	4	1
3906	3	0
3907	1	0
3908	4	0
3909	6	0
3910	7	0
3911	3	1
3912	1	0
3913	4	2
3914	4	0
3915	3	0
3916	4	0
3917	2	0
3918	2	0
3919	2	0
3920	1	0
3921	3	0
3922	2	1
3923	3	1
3924	4	0
3925	3	0
3926	4	0
3927	5	0
3928	4	0
3929	0	1
3930	1	1
3931	3	0
3932	2	0
3933	3	0
3934	4	0
3935	6	1
3936	1	0
3937	1	0
3938	5	0
3939	6	0
3940	3	0
3941	2	0
3942	3	0
3943	3	0
3944	1	1
3945	4	1
3946	1	1
3947	4	0
3948	3	0
3949	2	2
3950	1	0
3951	2	1
3952	1	0
3953	1	0
3954	4	0
3955	2	0
3956	2	0
3957	2	1
3958	1	0
3959	4	0
3960	4	0
3961	0	1
3962	4	1
3963	4	0
3964	3	0
3965	3	0
3966	2	0
3967	1	0
3968	0	0
3969	5	0
3970	2	1
3971	4	0
3972	1	0
3973	7	0
3974	1	0
3975	4	0
3976	2	0
3977	3	1
3978	3	0
3979	0	1
3980	2	0
3981	4	0
3982	4	0
3983	0	0
3984	3	1
3985	3	0
3986	0	0
3987	6	0
3988	4	0
3989	6	0
3990	3	0
3991	1	0
3992	3	0
3993	2	1
3994	1	0
3995	2	1
3996	1	1
3997	4	1
3998	4	0
3999	2	1
4000	2	0
