#s/D [-]	f1(s/D)	f2(s/D)	f3(s/D)
#0,104166667	0,952618816	0,83484049	1,005811007
#0,131944444	1,101516164	0,989167577	1,155242961
#0,145833333	1,176183158	1,079875365	1,236302259
#0,159722222	1,234501764	1,128932164	1,300924675
#0,173611111	1,244126382	1,213688845	1,316407568
#0,1875		1,30963435	1,244872702	1,355556997
#0,201388889	1,302299568	1,299413533	1,403766294
#0,215277778	1,344909251	1,340275147	1,387869509
#0,229166667	1,386215865	1,347731965	1,443046416
#0,243055556	1,386145145	1,387361909	1,464644512
#0,270833333	1,429986298	1,418090502	1,489834984
#0,298611111	1,526586308	1,484205467	1,520787807
#0,326388889	1,492436146	1,510252196	1,534834475
#
0,104166667	0,952618816
0,131944444 1,101516164
0,145833333 1,176183158
0,159722222 1,234501764
0,173611111 1,244126382
0,1875	1,30963435	
0,201388889 1,302299568
0,215277778 1,344909251
0,229166667 1,386215865
0,243055556 1,386145145
0,270833333 1,429986298
0,298611111 1,526586308
0,326388889 1,492436146
#
0,104166667	0,83484049	
0,131944444 0,989167577
0,145833333 1,079875365
0,159722222 1,128932164
0,173611111 1,213688845
0,1875	1,244872702
0,201388889 1,299413533
0,215277778 1,340275147
0,229166667 1,347731965
0,243055556 1,387361909
0,270833333 1,418090502
0,298611111 1,484205467
0,326388889 1,510252196
#
0,104166667	1,005811007
0,131944444 1,155242961
0,145833333 1,236302259
0,159722222 1,300924675
0,173611111 1,316407568
0,1875	1,355556997
0,201388889 1,403766294
0,215277778 1,387869509
0,229166667 1,443046416
0,243055556 1,464644512
0,270833333 1,489834984
0,298611111 1,520787807
0,326388889 1,534834475