0	46	0
1	25	0
2	36	0
3	20	0
4	31	0
5	32	0
6	25	0
7	29	0
8	27	0
9	31	0
10	40	0
11	32	0
12	29	0
13	28	0
14	44	0
15	39	1
16	48	0
17	43	0
18	44	0
19	31	0
20	45	1
21	44	9
22	46	47
23	78	62
24	363	52
25	1147	45
26	1981	58
27	1862	61
28	1991	68
29	2218	63
30	2160	68
31	2245	80
32	1925	78
33	1751	75
34	1739	80
35	1531	74
36	1401	66
37	1584	85
38	1186	56
39	1139	66
40	1196	101
41	967	73
42	1104	91
43	951	101
44	827	81
45	837	103
46	891	88
47	824	122
48	706	101
49	735	133
50	803	133
51	658	114
52	714	133
53	828	155
54	654	139
55	683	127
56	707	142
57	689	123
58	823	142
59	655	138
60	713	131
61	739	130
62	738	113
63	706	111
64	698	114
65	745	135
66	701	97
67	656	118
68	693	93
69	825	133
70	632	94
71	707	91
72	701	123
73	643	87
74	771	135
75	727	105
76	682	106
77	724	116
78	706	122
79	682	115
80	729	134
81	662	134
82	719	149
83	615	94
84	716	110
85	778	176
86	641	116
87	738	161
88	664	128
89	643	140
90	753	150
91	617	130
92	651	146
93	714	135
94	697	149
95	920	187
96	596	138
97	685	161
98	693	172
99	681	144
100	693	144
101	811	174
102	644	170
103	643	181
104	682	184
105	667	169
106	746	222
107	673	202
108	641	193
109	705	219
110	677	241
111	701	230
112	681	239
113	666	207
114	689	239
115	606	196
116	650	211
117	752	286
118	630	221
119	717	239
120	673	245
121	665	236
122	757	301
123	683	253
124	702	211
125	690	291
126	650	263
127	676	253
128	791	289
129	704	309
130	739	293
131	616	271
132	620	264
133	714	325
134	656	268
135	746	322
136	694	306
137	599	277
138	781	327
139	684	324
140	607	301
141	681	292
142	675	319
143	705	296
144	721	297
145	652	287
146	701	310
147	604	291
148	704	342
149	737	361
150	615	292
151	721	342
152	666	278
153	654	290
154	743	376
155	683	290
156	685	326
157	731	311
158	740	337
159	696	354
160	758	324
161	676	313
162	748	370
163	708	319
164	650	321
165	781	402
166	624	273
167	634	304
168	768	365
169	618	287
170	774	373
171	663	347
172	629	271
173	667	324
174	754	334
175	748	355
176	643	306
177	700	326
178	712	347
179	606	289
180	636	330
181	782	355
182	663	306
183	687	335
184	726	365
185	664	297
186	767	358
187	652	315
188	691	307
189	700	384
190	720	333
191	774	355
192	636	311
193	661	327
194	694	325
195	642	300
196	631	297
197	792	362
198	658	286
199	680	320
200	695	296
201	695	261
202	775	311
203	689	309
204	638	284
205	753	323
206	732	317
207	705	270
208	727	288
209	706	315
210	749	343
211	629	287
212	755	315
213	803	348
214	659	291
215	690	318
216	664	261
217	673	257
218	774	336
219	640	291
220	695	306
221	751	309
222	729	312
223	924	368
224	694	288
225	735	297
226	720	334
227	703	271
228	652	262
229	770	304
230	696	258
231	713	244
232	718	299
233	688	269
234	815	309
235	714	305
236	627	253
237	746	273
238	728	294
239	738	279
240	732	262
241	748	288
242	791	264
243	677	257
244	701	258
245	846	319
246	702	229
247	742	312
248	754	274
249	690	256
250	796	295
251	745	296
252	774	253
253	745	307
254	755	238
255	665	206
256	990	346
257	787	243
258	802	257
259	738	251
260	752	227
261	902	297
262	707	247
263	844	226
264	776	274
265	755	233
266	864	278
267	812	230
268	738	217
269	817	275
270	820	236
271	821	199
272	822	218
273	746	249
274	823	253
275	681	238
276	793	261
277	870	243
278	794	198
279	877	241
280	774	240
281	794	225
282	910	245
283	772	245
284	819	216
285	805	236
286	871	223
287	950	236
288	820	222
289	880	228
290	846	227
291	751	234
292	812	190
293	908	260
294	785	208
295	855	207
296	879	260
297	739	173
298	932	252
299	812	247
300	752	210
301	865	230
302	851	240
303	891	224
304	771	200
305	833	204
306	867	233
307	795	207
308	794	194
309	929	230
310	804	179
311	828	205
312	846	205
313	811	198
314	916	239
315	813	223
316	807	200
317	858	223
318	838	225
319	754	168
320	913	222
321	831	181
322	894	199
323	815	199
324	769	184
325	866	243
326	745	171
327	768	191
328	855	194
329	700	218
330	847	213
331	789	190
332	703	201
333	832	184
334	836	203
335	761	176
336	865	185
337	818	194
338	864	208
339	673	170
340	772	206
341	828	203
342	755	178
343	826	205
344	723	179
345	745	162
346	795	197
347	652	159
348	760	186
349	723	176
350	792	171
351	974	243
352	653	160
353	748	172
354	808	213
355	650	168
356	678	163
357	864	200
358	673	174
359	739	167
360	809	192
361	678	150
362	751	187
363	794	197
364	642	156
365	714	186
366	787	204
367	746	172
368	731	170
369	771	181
370	777	166
371	653	147
372	678	145
373	816	167
374	652	151
375	740	178
376	742	178
377	699	176
378	766	193
379	705	136
380	714	162
381	732	174
382	780	165
383	799	181
384	617	129
385	714	133
386	746	155
387	658	177
388	605	140
389	780	164
390	663	168
391	729	150
392	692	154
393	633	143
394	796	176
395	687	142
396	639	141
397	732	155
398	734	162
399	757	150
400	703	145
401	637	154
402	726	185
403	622	148
404	662	159
405	755	181
406	671	147
407	677	194
408	675	130
409	674	123
410	744	163
411	638	138
412	704	155
413	688	157
414	680	155
415	741	138
416	652	138
417	675	144
418	715	146
419	609	137
420	662	132
421	770	154
422	602	140
423	611	106
424	694	152
425	625	119
426	720	145
427	647	138
428	636	146
429	617	129
430	741	151
431	701	156
432	602	105
433	658	113
434	707	120
435	621	106
436	619	119
437	699	134
438	600	122
439	650	118
440	706	110
441	615	96
442	715	153
443	663	108
444	657	119
445	664	130
446	659	130
447	741	111
448	646	109
449	641	107
450	699	112
451	630	105
452	667	113
453	736	136
454	610	110
455	655	109
456	636	130
457	612	102
458	792	98
459	671	118
460	618	97
461	669	116
462	693	112
463	619	123
464	655	105
465	615	103
466	737	131
467	584	95
468	673	108
469	670	130
470	677	102
471	680	103
472	597	104
473	587	105
474	694	105
475	655	90
476	657	100
477	660	127
478	660	102
479	756	126
480	548	82
481	653	102
482	670	93
483	674	107
484	584	84
485	689	134
486	615	76
487	637	78
488	727	106
489	646	90
490	695	83
491	676	110
492	606	97
493	631	114
494	690	92
495	691	102
496	619	86
497	652	93
498	649	100
499	557	83
500	647	109
501	669	116
502	620	94
503	687	91
504	583	81
505	596	68
506	643	91
507	605	90
508	651	80
509	665	79
510	655	91
511	536	86
512	802	118
513	583	95
514	610	90
515	603	101
516	563	75
517	702	100
518	598	68
519	633	80
520	636	79
521	571	82
522	696	99
523	608	86
524	579	91
525	604	92
526	630	90
527	645	81
528	681	77
529	619	103
530	654	82
531	581	70
532	664	72
533	705	69
534	557	79
535	668	85
536	564	76
537	570	62
538	654	87
539	553	72
540	650	79
541	636	80
542	639	84
543	710	93
544	655	85
545	613	78
546	664	80
547	599	76
548	599	82
549	684	101
550	615	68
551	566	72
552	661	82
553	587	64
554	696	84
555	631	90
556	544	63
557	631	79
558	628	69
559	726	95
560	556	77
561	643	85
562	634	82
563	577	62
564	625	74
565	702	90
566	577	68
567	582	74
568	599	81
569	569	65
570	659	84
571	562	54
572	632	69
573	631	75
574	627	83
575	612	76
576	619	79
577	625	75
578	661	76
579	591	69
580	560	77
581	660	70
582	588	57
583	585	74
584	633	65
585	543	67
586	625	82
587	607	65
588	589	62
589	651	64
590	589	92
591	564	70
592	657	80
593	614	70
594	655	73
595	532	51
596	670	49
597	664	78
598	569	81
599	655	61
600	565	60
601	611	71
602	700	66
603	535	57
604	621	60
605	665	64
606	612	68
607	765	95
608	592	64
609	628	52
610	643	71
611	576	68
612	580	55
613	673	53
614	628	50
615	588	61
616	630	68
617	570	57
618	672	66
619	613	60
620	583	72
621	608	56
622	599	58
623	598	67
624	583	63
625	618	44
626	613	58
627	553	44
628	574	46
629	630	60
630	593	53
631	661	52
632	637	70
633	597	58
634	629	64
635	586	54
636	569	58
637	652	47
638	655	56
639	544	32
640	692	61
641	632	61
642	604	49
643	580	44
644	555	41
645	640	53
646	626	59
647	599	49
648	579	47
649	596	47
650	685	66
651	631	50
652	531	42
653	607	44
654	651	50
655	621	42
656	603	61
657	640	50
658	604	53
659	525	48
660	625	63
661	666	48
662	533	43
663	633	45
664	563	56
665	507	33
666	619	54
667	550	55
668	553	52
669	588	47
670	565	41
671	639	46
672	631	50
673	609	43
674	575	48
675	540	50
676	555	38
677	674	34
678	563	42
679	545	41
680	598	50
681	573	55
682	661	41
683	585	31
684	548	34
685	571	57
686	557	45
687	606	44
688	514	45
689	549	46
690	558	50
691	542	39
692	542	35
693	602	52
694	552	34
695	507	37
696	510	46
697	469	34
698	544	34
699	486	37
700	513	32
701	534	32
702	522	41
703	574	44
704	437	44
705	507	46
706	526	38
707	469	45
708	456	39
709	517	53
710	464	33
711	482	45
712	464	41
713	421	41
714	492	42
715	482	42
716	448	43
717	463	34
718	491	39
719	436	33
720	489	43
721	401	24
722	475	37
723	413	27
724	430	33
725	481	41
726	409	29
727	478	41
728	419	32
729	403	32
730	505	42
731	426	35
732	453	32
733	475	57
734	462	37
735	513	46
736	393	41
737	422	39
738	439	35
739	364	37
740	386	39
741	408	46
742	392	38
743	388	29
744	407	29
745	408	33
746	437	38
747	420	30
748	383	37
749	392	31
750	401	38
751	400	33
752	355	22
753	364	28
754	398	34
755	362	27
756	340	28
757	429	30
758	343	43
759	406	29
760	385	35
761	380	25
762	397	30
763	373	36
764	367	28
765	398	46
766	377	29
767	410	37
768	399	30
769	391	42
770	408	34
771	365	36
772	388	26
773	462	39
774	375	38
775	426	35
776	372	22
777	376	20
778	467	41
779	410	36
780	348	24
781	376	33
782	373	31
783	372	22
784	357	35
785	373	24
786	395	39
787	333	32
788	397	26
789	434	36
790	345	40
791	396	33
792	366	36
793	326	26
794	422	44
795	397	22
796	415	35
797	344	32
798	379	42
799	461	26
800	371	30
801	386	39
802	442	29
803	358	41
804	387	30
805	438	29
806	349	25
807	335	24
808	423	33
809	364	17
810	412	27
811	384	35
812	317	23
813	361	20
814	405	28
815	413	39
816	374	21
817	349	18
818	430	25
819	391	21
820	367	26
821	394	34
822	354	30
823	405	31
824	412	34
825	377	22
826	454	26
827	379	21
828	389	27
829	389	25
830	388	27
831	371	38
832	414	38
833	369	29
834	409	24
835	395	29
836	366	19
837	440	32
838	400	30
839	408	30
840	432	27
841	383	29
842	460	31
843	425	31
844	388	21
845	445	28
846	430	46
847	388	39
848	429	32
849	410	25
850	454	25
851	356	34
852	435	26
853	422	20
854	440	29
855	439	18
856	435	29
857	393	26
858	459	41
859	407	31
860	471	26
861	464	27
862	489	31
863	604	38
864	428	25
865	454	26
866	480	30
867	460	17
868	439	17
869	515	20
870	430	36
871	437	25
872	443	23
873	414	35
874	493	38
875	518	26
876	429	20
877	478	17
878	498	18
879	487	29
880	453	17
881	491	27
882	513	19
883	452	21
884	494	23
885	546	27
886	456	24
887	514	20
888	509	15
889	476	20
890	532	20
891	514	20
892	475	24
893	558	23
894	513	24
895	595	29
896	468	25
897	572	29
898	577	17
899	560	20
900	541	29
901	628	27
902	581	23
903	580	30
904	535	20
905	537	16
906	638	23
907	583	23
908	546	35
909	576	27
910	585	23
911	587	16
912	615	26
913	584	22
914	639	24
915	574	20
916	661	24
917	727	26
918	610	22
919	737	24
920	642	23
921	637	24
922	781	34
923	631	17
924	665	30
925	725	32
926	710	23
927	837	26
928	763	14
929	712	24
930	817	21
931	705	18
932	688	29
933	842	24
934	758	24
935	796	22
936	847	23
937	764	18
938	882	26
939	814	20
940	844	32
941	879	17
942	914	26
943	999	16
944	819	12
945	914	23
946	962	24
947	827	18
948	927	23
949	1075	18
950	880	19
951	1011	15
952	1033	29
953	959	25
954	1120	33
955	950	24
956	1088	20
957	1150	17
958	1109	24
959	1225	38
960	1065	24
961	1163	24
962	1216	15
963	1150	17
964	1122	22
965	1331	24
966	1210	15
967	1217	33
968	1177	23
969	1216	24
970	1431	26
971	1433	28
972	1302	17
973	1348	23
974	1405	33
975	1382	21
976	1441	20
977	1483	24
978	1542	27
979	1255	18
980	1417	18
981	1663	30
982	1422	19
983	1624	20
984	1454	17
985	1500	24
986	1665	21
987	1497	17
988	1553	19
989	1618	21
990	1585	28
991	2078	30
992	1571	17
993	1681	27
994	1770	27
995	1623	24
996	1563	14
997	1784	21
998	1711	24
999	1710	17
1000	1763	24
1001	1594	28
1002	1944	20
1003	1712	30
1004	1533	24
1005	1732	20
1006	1921	21
1007	1868	28
1008	1646	18
1009	1740	16
1010	1803	22
1011	1615	29
1012	1719	21
1013	1949	19
1014	1687	18
1015	1827	22
1016	1698	24
1017	1773	23
1018	1907	24
1019	1759	20
1020	1680	20
1021	1835	22
1022	1729	20
1023	757	6
1024	2577	27
1025	1714	23
1026	1730	22
1027	1579	27
1028	1646	13
1029	1747	25
1030	1549	22
1031	1690	27
1032	1602	18
1033	1510	24
1034	1750	31
1035	1643	29
1036	1437	24
1037	1586	20
1038	1621	21
1039	1511	15
1040	1570	24
1041	1442	27
1042	1554	20
1043	1316	22
1044	1465	14
1045	1565	30
1046	1390	17
1047	1443	22
1048	1303	16
1049	1218	26
1050	1433	12
1051	1237	23
1052	1279	26
1053	1274	25
1054	1319	18
1055	1405	20
1056	1244	27
1057	1202	26
1058	1190	20
1059	1134	15
1060	1112	19
1061	1223	28
1062	1013	20
1063	1059	24
1064	1173	16
1065	955	18
1066	1152	17
1067	991	23
1068	965	13
1069	982	20
1070	990	28
1071	1004	23
1072	917	13
1073	955	26
1074	916	21
1075	820	21
1076	799	30
1077	904	26
1078	785	23
1079	804	20
1080	813	12
1081	735	23
1082	787	25
1083	765	20
1084	746	15
1085	716	24
1086	734	24
1087	610	23
1088	735	21
1089	655	27
1090	686	24
1091	601	18
1092	587	21
1093	676	26
1094	568	26
1095	560	16
1096	550	11
1097	538	18
1098	632	18
1099	570	17
1100	512	15
1101	565	13
1102	497	15
1103	505	18
1104	513	17
1105	499	15
1106	539	20
1107	417	21
1108	476	25
1109	501	21
1110	464	21
1111	476	20
1112	416	15
1113	432	17
1114	500	16
1115	440	23
1116	439	20
1117	410	20
1118	422	22
1119	493	24
1120	368	21
1121	349	22
1122	379	20
1123	379	22
1124	333	24
1125	392	22
1126	348	22
1127	346	15
1128	384	11
1129	342	15
1130	335	24
1131	358	21
1132	290	17
1133	338	17
1134	319	30
1135	292	22
1136	332	9
1137	292	19
1138	322	12
1139	268	22
1140	311	26
1141	332	17
1142	300	16
1143	299	18
1144	281	15
1145	252	23
1146	287	26
1147	277	24
1148	274	13
1149	299	13
1150	314	22
1151	249	12
1152	332	13
1153	266	16
1154	284	22
1155	257	12
1156	246	17
1157	273	17
1158	231	15
1159	246	18
1160	235	19
1161	246	13
1162	275	24
1163	249	19
1164	263	16
1165	255	21
1166	262	14
1167	231	12
1168	241	19
1169	250	16
1170	248	14
1171	210	12
1172	234	14
1173	258	18
1174	263	20
1175	241	12
1176	235	17
1177	229	18
1178	215	19
1179	214	13
1180	220	16
1181	227	19
1182	229	8
1183	241	19
1184	217	24
1185	213	14
1186	249	21
1187	221	11
1188	192	13
1189	231	8
1190	211	10
1191	200	14
1192	221	21
1193	198	10
1194	237	16
1195	217	13
1196	177	11
1197	225	17
1198	189	20
1199	211	18
1200	199	14
1201	180	13
1202	229	19
1203	185	15
1204	215	13
1205	216	20
1206	212	10
1207	216	15
1208	178	18
1209	203	8
1210	215	16
1211	186	9
1212	204	14
1213	202	12
1214	233	16
1215	218	22
1216	184	14
1217	183	12
1218	209	9
1219	180	10
1220	182	14
1221	203	15
1222	178	11
1223	203	14
1224	184	18
1225	184	12
1226	187	16
1227	187	7
1228	145	12
1229	197	13
1230	184	17
1231	172	10
1232	159	11
1233	182	9
1234	198	17
1235	181	14
1236	178	17
1237	203	14
1238	186	12
1239	185	15
1240	169	9
1241	177	9
1242	196	12
1243	174	8
1244	190	11
1245	206	8
1246	202	10
1247	221	23
1248	165	12
1249	204	16
1250	176	9
1251	170	11
1252	162	11
1253	177	15
1254	176	14
1255	156	8
1256	180	9
1257	167	13
1258	199	15
1259	187	17
1260	164	14
1261	170	16
1262	164	14
1263	173	11
1264	173	10
1265	180	13
1266	147	11
1267	155	9
1268	152	17
1269	182	16
1270	158	13
1271	179	7
1272	164	11
1273	140	16
1274	189	10
1275	144	13
1276	147	15
1277	146	15
1278	177	5
1279	115	11
1280	172	11
1281	150	21
1282	157	15
1283	129	15
1284	129	13
1285	180	21
1286	129	12
1287	138	12
1288	145	13
1289	113	12
1290	150	7
1291	126	13
1292	141	6
1293	132	16
1294	133	6
1295	121	16
1296	149	18
1297	117	15
1298	139	13
1299	115	11
1300	132	11
1301	155	9
1302	126	10
1303	153	8
1304	138	14
1305	146	12
1306	145	12
1307	135	11
1308	134	9
1309	133	11
1310	147	13
1311	151	15
1312	115	12
1313	139	10
1314	137	11
1315	133	14
1316	149	10
1317	157	12
1318	104	11
1319	131	16
1320	121	14
1321	118	12
1322	119	11
1323	121	8
1324	133	6
1325	114	11
1326	127	14
1327	133	12
1328	109	17
1329	130	11
1330	126	12
1331	129	9
1332	134	12
1333	137	11
1334	122	12
1335	115	11
1336	130	4
1337	104	14
1338	121	8
1339	103	11
1340	83	14
1341	122	11
1342	138	12
1343	116	7
1344	134	14
1345	129	11
1346	137	14
1347	129	16
1348	115	6
1349	134	16
1350	108	9
1351	115	12
1352	120	13
1353	97	12
1354	137	12
1355	108	12
1356	106	8
1357	109	7
1358	116	11
1359	101	8
1360	141	14
1361	122	9
1362	131	13
1363	92	9
1364	124	9
1365	119	12
1366	106	10
1367	112	13
1368	106	17
1369	88	12
1370	123	13
1371	118	15
1372	131	12
1373	109	14
1374	113	8
1375	139	8
1376	116	11
1377	120	8
1378	106	7
1379	95	13
1380	116	11
1381	128	8
1382	108	10
1383	90	9
1384	112	8
1385	96	10
1386	102	11
1387	100	10
1388	103	13
1389	109	5
1390	122	11
1391	88	10
1392	106	20
1393	95	6
1394	128	11
1395	90	10
1396	85	8
1397	113	12
1398	105	8
1399	110	5
1400	120	9
1401	95	9
1402	121	11
1403	101	8
1404	97	11
1405	113	8
1406	119	8
1407	104	13
1408	98	6
1409	105	16
1410	97	5
1411	94	9
1412	104	5
1413	103	17
1414	102	5
1415	110	14
1416	86	14
1417	106	12
1418	99	11
1419	98	10
1420	80	6
1421	92	10
1422	110	9
1423	105	8
1424	114	11
1425	111	14
1426	110	8
1427	94	13
1428	96	11
1429	110	4
1430	114	5
1431	84	14
1432	88	12
1433	99	9
1434	111	10
1435	80	9
1436	99	14
1437	81	11
1438	115	10
1439	115	6
1440	95	6
1441	98	14
1442	93	16
1443	79	10
1444	104	9
1445	93	9
1446	87	5
1447	100	6
1448	117	13
1449	98	10
1450	104	6
1451	98	7
1452	91	7
1453	93	6
1454	77	11
1455	99	6
1456	84	14
1457	72	10
1458	96	17
1459	77	7
1460	83	7
1461	80	8
1462	94	6
1463	97	6
1464	93	8
1465	86	11
1466	92	13
1467	84	9
1468	86	10
1469	96	10
1470	95	16
1471	110	6
1472	102	5
1473	103	7
1474	98	11
1475	88	6
1476	64	10
1477	92	5
1478	86	13
1479	78	5
1480	73	6
1481	106	14
1482	79	9
1483	86	6
1484	96	8
1485	104	10
1486	108	9
1487	90	12
1488	90	9
1489	84	6
1490	86	8
1491	74	15
1492	82	16
1493	93	14
1494	94	12
1495	96	9
1496	86	9
1497	90	9
1498	88	14
1499	89	8
1500	82	16
1501	85	12
1502	96	16
1503	116	11
1504	71	5
1505	87	8
1506	82	3
1507	73	11
1508	69	8
1509	81	10
1510	78	6
1511	78	13
1512	86	14
1513	81	8
1514	94	15
1515	81	13
1516	73	7
1517	75	10
1518	75	6
1519	85	13
1520	64	11
1521	72	8
1522	98	7
1523	73	10
1524	69	18
1525	91	10
1526	75	11
1527	114	8
1528	84	11
1529	75	9
1530	87	9
1531	96	15
1532	75	11
1533	67	7
1534	83	9
1535	81	13
1536	100	14
1537	59	10
1538	74	8
1539	70	8
1540	70	4
1541	104	9
1542	75	4
1543	64	8
1544	78	8
1545	78	11
1546	77	14
1547	91	3
1548	69	14
1549	81	8
1550	72	10
1551	75	9
1552	84	6
1553	67	9
1554	69	9
1555	60	5
1556	55	12
1557	87	9
1558	73	9
1559	67	12
1560	72	10
1561	91	7
1562	79	12
1563	65	6
1564	78	7
1565	60	7
1566	81	11
1567	67	15
1568	63	10
1569	71	4
1570	76	9
1571	72	11
1572	76	9
1573	76	13
1574	68	11
1575	63	13
1576	86	9
1577	60	6
1578	65	8
1579	65	11
1580	59	8
1581	67	10
1582	79	11
1583	75	6
1584	65	5
1585	71	6
1586	58	14
1587	68	4
1588	64	6
1589	66	6
1590	62	10
1591	68	11
1592	80	10
1593	63	6
1594	60	7
1595	58	6
1596	70	10
1597	81	12
1598	67	7
1599	62	7
1600	74	8
1601	81	4
1602	70	12
1603	55	3
1604	70	6
1605	54	11
1606	64	11
1607	63	7
1608	78	7
1609	49	9
1610	89	7
1611	74	2
1612	64	7
1613	78	12
1614	79	8
1615	75	3
1616	52	12
1617	69	4
1618	68	7
1619	56	4
1620	66	8
1621	54	8
1622	69	6
1623	51	4
1624	52	8
1625	66	10
1626	57	5
1627	59	2
1628	47	8
1629	67	4
1630	67	8
1631	67	6
1632	51	5
1633	64	8
1634	71	17
1635	64	7
1636	51	5
1637	57	12
1638	58	4
1639	61	8
1640	53	5
1641	53	1
1642	66	3
1643	78	6
1644	65	8
1645	51	9
1646	65	5
1647	58	9
1648	62	6
1649	59	4
1650	66	8
1651	73	9
1652	66	7
1653	66	7
1654	62	7
1655	55	9
1656	50	10
1657	53	4
1658	62	9
1659	58	3
1660	58	8
1661	57	6
1662	53	6
1663	48	9
1664	52	6
1665	52	5
1666	66	8
1667	61	4
1668	65	8
1669	55	12
1670	50	4
1671	43	7
1672	51	7
1673	46	7
1674	57	3
1675	55	6
1676	62	7
1677	61	6
1678	64	9
1679	51	7
1680	41	7
1681	62	8
1682	62	11
1683	44	7
1684	52	10
1685	46	6
1686	40	6
1687	48	6
1688	42	5
1689	58	9
1690	60	7
1691	40	5
1692	55	5
1693	52	8
1694	49	7
1695	56	8
1696	62	5
1697	52	13
1698	68	7
1699	43	6
1700	42	5
1701	61	9
1702	51	7
1703	46	8
1704	39	8
1705	40	6
1706	55	7
1707	51	5
1708	48	6
1709	57	6
1710	52	5
1711	61	7
1712	39	4
1713	46	6
1714	55	6
1715	38	4
1716	48	6
1717	42	12
1718	59	5
1719	49	7
1720	58	12
1721	53	8
1722	55	4
1723	52	3
1724	41	3
1725	53	6
1726	49	9
1727	49	6
1728	40	4
1729	32	7
1730	46	4
1731	43	4
1732	50	5
1733	50	8
1734	51	6
1735	45	3
1736	57	4
1737	47	6
1738	45	7
1739	48	5
1740	39	8
1741	51	9
1742	50	5
1743	48	3
1744	50	4
1745	48	9
1746	45	7
1747	41	5
1748	57	6
1749	40	6
1750	48	7
1751	49	4
1752	47	4
1753	42	9
1754	57	7
1755	58	8
1756	43	10
1757	50	6
1758	43	8
1759	47	5
1760	43	9
1761	40	6
1762	40	5
1763	40	3
1764	34	6
1765	44	11
1766	42	9
1767	38	6
1768	41	6
1769	29	4
1770	44	8
1771	43	7
1772	40	10
1773	46	4
1774	43	10
1775	54	10
1776	38	5
1777	38	4
1778	43	5
1779	35	6
1780	44	13
1781	46	10
1782	31	9
1783	43	7
1784	44	4
1785	44	6
1786	36	6
1787	43	6
1788	39	8
1789	45	5
1790	32	5
1791	40	7
1792	41	18
1793	39	15
1794	43	9
1795	47	5
1796	32	10
1797	44	11
1798	41	9
1799	41	5
1800	52	4
1801	43	12
1802	47	12
1803	41	7
1804	39	9
1805	36	6
1806	49	8
1807	41	5
1808	54	7
1809	54	5
1810	41	7
1811	33	6
1812	35	6
1813	35	6
1814	37	3
1815	32	9
1816	33	13
1817	33	6
1818	48	6
1819	41	8
1820	26	4
1821	37	5
1822	36	7
1823	44	6
1824	40	7
1825	36	8
1826	44	4
1827	40	10
1828	45	8
1829	40	5
1830	42	3
1831	38	2
1832	35	8
1833	43	5
1834	43	6
1835	42	7
1836	27	3
1837	33	6
1838	47	6
1839	41	4
1840	37	6
1841	34	8
1842	29	6
1843	36	8
1844	45	8
1845	40	7
1846	31	9
1847	27	8
1848	42	2
1849	33	9
1850	36	8
1851	40	2
1852	29	8
1853	52	7
1854	31	6
1855	35	5
1856	36	5
1857	39	4
1858	36	10
1859	36	5
1860	38	9
1861	26	3
1862	44	4
1863	31	6
1864	28	6
1865	33	8
1866	43	2
1867	30	3
1868	38	6
1869	48	6
1870	42	8
1871	31	8
1872	40	6
1873	37	4
1874	53	5
1875	38	7
1876	41	10
1877	29	5
1878	37	2
1879	43	8
1880	39	4
1881	34	6
1882	37	8
1883	23	7
1884	34	5
1885	35	8
1886	39	8
1887	40	8
1888	29	6
1889	29	6
1890	34	8
1891	32	5
1892	28	5
1893	43	7
1894	26	8
1895	35	6
1896	50	3
1897	38	3
1898	38	7
1899	45	3
1900	31	8
1901	44	9
1902	39	3
1903	33	8
1904	29	5
1905	32	3
1906	32	8
1907	37	11
1908	35	6
1909	39	8
1910	36	5
1911	34	2
1912	31	5
1913	41	7
1914	35	8
1915	37	3
1916	41	7
1917	33	5
1918	40	6
1919	44	5
1920	32	6
1921	32	5
1922	26	12
1923	34	4
1924	34	3
1925	41	4
1926	36	5
1927	39	6
1928	43	2
1929	31	10
1930	36	11
1931	35	4
1932	29	6
1933	32	8
1934	31	8
1935	28	2
1936	39	1
1937	38	6
1938	34	8
1939	37	3
1940	42	5
1941	44	3
1942	28	6
1943	27	2
1944	29	6
1945	35	11
1946	40	7
1947	32	3
1948	43	7
1949	32	8
1950	14	7
1951	46	11
1952	32	7
1953	30	7
1954	40	7
1955	33	7
1956	36	2
1957	34	6
1958	35	3
1959	35	5
1960	38	7
1961	30	4
1962	36	7
1963	26	9
1964	35	2
1965	38	4
1966	40	4
1967	37	7
1968	32	8
1969	36	4
1970	35	4
1971	35	7
1972	41	7
1973	41	3
1974	51	3
1975	35	2
1976	44	4
1977	39	12
1978	39	3
1979	36	4
1980	33	6
1981	36	3
1982	38	3
1983	61	3
1984	25	4
1985	38	9
1986	33	1
1987	35	2
1988	37	3
1989	38	4
1990	25	3
1991	37	4
1992	32	5
1993	35	6
1994	47	6
1995	33	3
1996	30	1
1997	33	2
1998	33	3
1999	20	8
2000	38	1
2001	40	2
2002	36	3
2003	29	4
2004	38	5
2005	30	6
2006	26	3
2007	40	3
2008	31	4
2009	32	5
2010	53	7
2011	29	2
2012	36	4
2013	37	6
2014	26	4
2015	36	5
2016	41	6
2017	40	6
2018	31	5
2019	27	4
2020	43	1
2021	39	3
2022	31	0
2023	40	5
2024	33	6
2025	33	6
2026	42	5
2027	36	7
2028	27	4
2029	41	5
2030	35	5
2031	34	8
2032	40	2
2033	36	6
2034	40	5
2035	37	7
2036	41	4
2037	29	8
2038	34	5
2039	41	6
2040	29	3
2041	38	4
2042	26	6
2043	36	2
2044	34	4
2045	32	5
2046	41	3
2047	35	1
2048	32	3
2049	34	7
2050	35	8
2051	33	2
2052	31	4
2053	30	3
2054	41	4
2055	43	3
2056	33	4
2057	32	0
2058	40	4
2059	29	5
2060	30	3
2061	29	6
2062	24	8
2063	36	2
2064	25	2
2065	27	3
2066	41	6
2067	32	3
2068	33	6
2069	34	4
2070	33	6
2071	28	6
2072	27	5
2073	28	4
2074	28	7
2075	22	5
2076	25	4
2077	27	5
2078	27	3
2079	28	5
2080	38	3
2081	27	2
2082	28	7
2083	21	2
2084	10	5
2085	25	5
2086	28	2
2087	24	9
2088	22	3
2089	32	6
2090	27	3
2091	37	3
2092	22	7
2093	28	5
2094	33	4
2095	26	5
2096	19	3
2097	26	9
2098	32	4
2099	24	8
2100	20	4
2101	30	3
2102	21	7
2103	26	2
2104	24	4
2105	18	2
2106	29	1
2107	30	7
2108	33	2
2109	21	3
2110	24	3
2111	18	3
2112	21	11
2113	31	4
2114	21	5
2115	16	1
2116	25	3
2117	31	4
2118	29	5
2119	17	8
2120	29	2
2121	19	3
2122	18	3
2123	14	4
2124	19	7
2125	20	5
2126	32	2
2127	22	8
2128	17	4
2129	9	3
2130	22	5
2131	18	3
2132	21	5
2133	12	2
2134	15	7
2135	19	5
2136	17	4
2137	16	4
2138	15	2
2139	23	5
2140	20	1
2141	15	3
2142	16	3
2143	16	1
2144	25	1
2145	19	3
2146	13	3
2147	22	2
2148	13	0
2149	13	5
2150	19	2
2151	18	6
2152	32	7
2153	13	5
2154	21	8
2155	15	8
2156	19	4
2157	22	2
2158	9	6
2159	14	0
2160	17	1
2161	13	5
2162	14	1
2163	18	5
2164	18	2
2165	14	6
2166	8	3
2167	9	5
2168	19	5
2169	15	6
2170	17	3
2171	21	5
2172	9	2
2173	10	5
2174	13	3
2175	13	8
2176	22	4
2177	16	4
2178	16	4
2179	10	3
2180	15	5
2181	17	3
2182	13	9
2183	18	3
2184	9	2
2185	18	6
2186	12	6
2187	14	9
2188	8	5
2189	10	2
2190	11	6
2191	12	4
2192	11	4
2193	8	5
2194	11	4
2195	10	5
2196	13	2
2197	15	5
2198	15	3
2199	14	3
2200	10	6
2201	8	6
2202	6	2
2203	15	5
2204	14	5
2205	12	4
2206	14	5
2207	5	6
2208	11	5
2209	10	6
2210	12	6
2211	12	3
2212	14	7
2213	13	2
2214	10	5
2215	4	7
2216	17	2
2217	6	0
2218	10	2
2219	9	9
2220	12	1
2221	10	8
2222	12	2
2223	11	1
2224	17	6
2225	9	6
2226	21	2
2227	9	4
2228	9	12
2229	6	7
2230	12	6
2231	12	5
2232	12	3
2233	6	5
2234	3	5
2235	7	5
2236	9	1
2237	13	5
2238	5	3
2239	9	6
2240	12	3
2241	9	5
2242	11	6
2243	7	4
2244	7	1
2245	6	4
2246	19	4
2247	12	2
2248	15	7
2249	14	5
2250	9	2
2251	10	5
2252	8	5
2253	6	6
2254	5	6
2255	10	4
2256	10	8
2257	14	5
2258	17	2
2259	4	9
2260	7	3
2261	8	7
2262	13	5
2263	7	7
2264	10	8
2265	13	5
2266	15	5
2267	3	5
2268	9	6
2269	8	9
2270	7	10
2271	6	5
2272	4	5
2273	7	7
2274	8	2
2275	6	3
2276	10	7
2277	6	8
2278	6	6
2279	10	4
2280	14	6
2281	9	4
2282	9	5
2283	11	5
2284	10	3
2285	13	7
2286	6	5
2287	12	2
2288	7	4
2289	10	4
2290	5	6
2291	5	4
2292	6	6
2293	9	6
2294	6	6
2295	4	1
2296	10	2
2297	10	3
2298	10	6
2299	4	5
2300	5	2
2301	4	7
2302	9	9
2303	5	5
2304	14	3
2305	5	8
2306	8	3
2307	5	3
2308	11	4
2309	8	1
2310	6	6
2311	8	4
2312	7	7
2313	6	8
2314	12	3
2315	5	6
2316	3	4
2317	11	3
2318	6	2
2319	5	7
2320	10	7
2321	11	4
2322	9	3
2323	6	2
2324	6	2
2325	9	5
2326	11	7
2327	10	7
2328	4	5
2329	8	4
2330	7	5
2331	3	5
2332	7	6
2333	8	7
2334	7	3
2335	3	2
2336	6	4
2337	5	4
2338	4	5
2339	5	12
2340	3	3
2341	6	3
2342	9	3
2343	10	6
2344	2	4
2345	4	4
2346	2	1
2347	9	3
2348	5	6
2349	6	3
2350	10	4
2351	10	4
2352	11	6
2353	2	3
2354	11	4
2355	9	5
2356	7	4
2357	8	5
2358	7	1
2359	4	3
2360	4	2
2361	3	4
2362	4	5
2363	3	4
2364	4	3
2365	4	7
2366	5	4
2367	5	3
2368	2	3
2369	4	3
2370	5	3
2371	8	0
2372	5	3
2373	6	9
2374	7	6
2375	5	2
2376	3	5
2377	7	4
2378	13	4
2379	9	7
2380	7	3
2381	2	4
2382	10	3
2383	8	6
2384	4	6
2385	5	1
2386	6	2
2387	7	5
2388	4	4
2389	5	6
2390	2	3
2391	9	6
2392	7	4
2393	9	5
2394	10	3
2395	4	2
2396	4	4
2397	4	4
2398	3	2
2399	2	2
2400	6	3
2401	4	3
2402	6	2
2403	3	1
2404	6	5
2405	7	3
2406	7	4
2407	4	0
2408	4	3
2409	5	2
2410	5	4
2411	4	5
2412	10	6
2413	5	2
2414	9	4
2415	3	2
2416	4	3
2417	6	7
2418	7	3
2419	5	2
2420	2	1
2421	7	4
2422	7	3
2423	7	1
2424	7	2
2425	8	5
2426	5	6
2427	5	1
2428	4	5
2429	6	5
2430	8	1
2431	5	3
2432	7	2
2433	3	1
2434	8	1
2435	3	2
2436	3	4
2437	5	1
2438	4	4
2439	4	2
2440	3	5
2441	6	1
2442	7	1
2443	5	3
2444	3	1
2445	8	6
2446	7	5
2447	6	2
2448	2	3
2449	4	3
2450	4	5
2451	1	1
2452	3	4
2453	2	6
2454	4	2
2455	4	0
2456	5	3
2457	3	3
2458	2	5
2459	2	4
2460	6	3
2461	6	2
2462	9	2
2463	6	1
2464	7	3
2465	5	2
2466	6	4
2467	3	1
2468	2	2
2469	4	8
2470	6	0
2471	3	5
2472	3	6
2473	2	3
2474	5	1
2475	7	1
2476	4	2
2477	6	3
2478	5	2
2479	4	1
2480	4	2
2481	1	6
2482	4	4
2483	5	3
2484	3	2
2485	3	2
2486	4	0
2487	6	4
2488	6	2
2489	6	1
2490	5	3
2491	4	0
2492	4	0
2493	3	7
2494	1	0
2495	3	1
2496	3	1
2497	7	2
2498	3	5
2499	2	1
2500	5	2
2501	2	4
2502	2	3
2503	3	1
2504	4	1
2505	7	0
2506	7	1
2507	3	1
2508	2	2
2509	2	4
2510	7	4
2511	4	1
2512	5	2
2513	4	4
2514	3	0
2515	3	5
2516	1	3
2517	2	5
2518	6	2
2519	3	1
2520	5	3
2521	2	2
2522	1	3
2523	4	2
2524	5	5
2525	8	3
2526	0	2
2527	3	3
2528	3	1
2529	2	2
2530	5	3
2531	5	1
2532	4	2
2533	2	2
2534	6	3
2535	8	2
2536	3	4
2537	1	3
2538	4	5
2539	6	1
2540	5	5
2541	3	5
2542	5	2
2543	6	1
2544	4	1
2545	4	2
2546	2	1
2547	2	2
2548	2	2
2549	6	1
2550	1	6
2551	4	1
2552	2	5
2553	1	3
2554	0	2
2555	0	2
2556	4	1
2557	1	3
2558	3	4
2559	3	4
2560	3	2
2561	3	3
2562	3	1
2563	3	1
2564	0	1
2565	3	2
2566	3	2
2567	5	5
2568	3	2
2569	2	2
2570	3	1
2571	3	2
2572	2	3
2573	5	2
2574	7	3
2575	2	3
2576	4	2
2577	5	4
2578	1	3
2579	3	0
2580	4	3
2581	1	6
2582	3	4
2583	3	1
2584	5	3
2585	1	4
2586	0	0
2587	2	1
2588	2	3
2589	5	3
2590	3	2
2591	2	2
2592	5	2
2593	3	0
2594	5	5
2595	4	3
2596	6	1
2597	1	2
2598	1	1
2599	2	3
2600	1	3
2601	2	2
2602	4	1
2603	2	3
2604	3	0
2605	3	1
2606	2	4
2607	2	0
2608	1	1
2609	1	0
2610	3	3
2611	2	2
2612	0	2
2613	7	3
2614	2	3
2615	1	1
2616	5	1
2617	4	2
2618	2	1
2619	1	1
2620	4	2
2621	4	3
2622	4	2
2623	2	1
2624	1	2
2625	1	1
2626	1	2
2627	1	3
2628	1	1
2629	3	3
2630	2	5
2631	0	0
2632	4	1
2633	4	2
2634	2	1
2635	1	2
2636	2	0
2637	2	1
2638	1	2
2639	3	3
2640	1	1
2641	1	4
2642	4	4
2643	1	3
2644	2	1
2645	1	4
2646	1	7
2647	2	3
2648	5	4
2649	0	1
2650	1	4
2651	3	0
2652	3	2
2653	2	2
2654	1	1
2655	2	3
2656	1	2
2657	0	2
2658	3	2
2659	2	3
2660	2	1
2661	5	1
2662	3	0
2663	2	2
2664	1	1
2665	3	1
2666	0	3
2667	2	1
2668	3	1
2669	2	0
2670	0	1
2671	5	0
2672	4	1
2673	1	1
2674	0	2
2675	0	2
2676	1	2
2677	1	3
2678	4	0
2679	3	1
2680	0	2
2681	2	5
2682	0	0
2683	0	2
2684	4	0
2685	0	2
2686	2	3
2687	1	0
2688	2	2
2689	1	0
2690	0	6
2691	3	2
2692	2	5
2693	0	2
2694	6	4
2695	1	3
2696	5	0
2697	0	1
2698	1	0
2699	1	0
2700	1	3
2701	1	3
2702	2	0
2703	1	2
2704	1	2
2705	2	2
2706	4	1
2707	5	2
2708	6	1
2709	1	1
2710	1	1
2711	2	0
2712	2	0
2713	0	1
2714	1	3
2715	4	1
2716	0	1
2717	4	5
2718	2	1
2719	2	1
2720	1	1
2721	3	2
2722	1	0
2723	4	1
2724	2	3
2725	4	0
2726	3	4
2727	1	1
2728	1	3
2729	2	0
2730	1	3
2731	4	1
2732	0	2
2733	1	1
2734	2	3
2735	3	2
2736	1	1
2737	1	1
2738	1	5
2739	1	2
2740	4	1
2741	0	1
2742	3	1
2743	2	1
2744	2	4
2745	3	1
2746	2	2
2747	0	0
2748	0	1
2749	2	0
2750	0	2
2751	4	3
2752	2	4
2753	2	2
2754	2	2
2755	4	2
2756	2	0
2757	1	4
2758	0	1
2759	0	2
2760	2	1
2761	0	3
2762	3	1
2763	6	1
2764	2	3
2765	3	1
2766	1	2
2767	0	0
2768	3	1
2769	1	1
2770	2	3
2771	1	1
2772	2	2
2773	2	4
2774	0	1
2775	1	3
2776	0	1
2777	0	0
2778	0	2
2779	0	0
2780	3	0
2781	0	3
2782	2	1
2783	1	2
2784	1	1
2785	3	2
2786	0	0
2787	4	2
2788	0	2
2789	1	0
2790	1	1
2791	0	2
2792	3	2
2793	1	0
2794	1	1
2795	3	1
2796	1	0
2797	0	2
2798	0	1
2799	3	0
2800	1	0
2801	2	1
2802	0	6
2803	0	4
2804	0	0
2805	1	2
2806	3	1
2807	1	2
2808	2	1
2809	7	1
2810	2	1
2811	0	0
2812	1	0
2813	0	1
2814	0	0
2815	3	2
2816	0	2
2817	0	2
2818	2	0
2819	1	2
2820	0	0
2821	3	1
2822	3	0
2823	1	2
2824	1	1
2825	2	2
2826	2	1
2827	2	2
2828	0	2
2829	0	1
2830	0	4
2831	0	2
2832	0	2
2833	0	1
2834	1	0
2835	1	2
2836	0	1
2837	1	0
2838	2	0
2839	3	1
2840	0	1
2841	1	3
2842	2	1
2843	1	1
2844	0	0
2845	0	0
2846	0	0
2847	0	0
2848	1	4
2849	1	3
2850	5	3
2851	2	1
2852	3	3
2853	1	1
2854	1	0
2855	1	0
2856	3	1
2857	1	0
2858	3	0
2859	1	0
2860	1	2
2861	1	1
2862	2	0
2863	0	1
2864	0	0
2865	1	1
2866	1	1
2867	1	1
2868	0	1
2869	3	2
2870	3	0
2871	1	2
2872	1	1
2873	1	3
2874	2	1
2875	0	1
2876	2	0
2877	2	1
2878	2	1
2879	2	0
2880	0	0
2881	0	2
2882	2	0
2883	0	1
2884	1	1
2885	0	1
2886	0	0
2887	0	0
2888	0	3
2889	1	1
2890	0	0
2891	0	1
2892	1	1
2893	1	1
2894	0	0
2895	1	1
2896	0	2
2897	0	1
2898	2	0
2899	3	1
2900	0	0
2901	3	1
2902	2	1
2903	5	0
2904	2	1
2905	1	0
2906	2	2
2907	0	0
2908	1	0
2909	1	1
2910	3	0
2911	1	0
2912	1	2
2913	1	2
2914	2	1
2915	0	1
2916	0	3
2917	4	2
2918	0	2
2919	0	0
2920	3	1
2921	3	0
2922	0	1
2923	0	0
2924	1	1
2925	1	1
2926	0	2
2927	0	1
2928	2	1
2929	1	1
2930	1	1
2931	1	0
2932	0	1
2933	1	1
2934	1	0
2935	1	0
2936	1	1
2937	1	0
2938	0	3
2939	1	1
2940	0	0
2941	1	2
2942	2	3
2943	0	0
2944	1	2
2945	1	0
2946	2	0
2947	1	0
2948	1	0
2949	0	1
2950	2	0
2951	1	2
2952	1	2
2953	0	3
2954	0	3
2955	2	0
2956	0	1
2957	0	0
2958	3	0
2959	3	1
2960	1	2
2961	0	1
2962	1	0
2963	1	1
2964	2	1
2965	2	0
2966	0	0
2967	1	0
2968	1	0
2969	0	0
2970	2	3
2971	0	3
2972	1	1
2973	1	0
2974	1	3
2975	1	2
2976	2	2
2977	1	3
2978	1	3
2979	4	2
2980	1	0
2981	0	0
2982	0	0
2983	1	1
2984	1	0
2985	0	2
2986	2	2
2987	2	1
2988	1	0
2989	3	3
2990	3	3
2991	2	0
2992	0	1
2993	1	1
2994	0	0
2995	0	2
2996	0	0
2997	0	2
2998	1	0
2999	0	2
3000	0	0
3001	1	3
3002	2	0
3003	0	1
3004	0	0
3005	2	1
3006	1	0
3007	2	0
3008	1	1
3009	3	0
3010	0	0
3011	0	2
3012	4	2
3013	0	4
3014	2	0
3015	0	1
3016	1	2
3017	1	2
3018	1	1
3019	2	1
3020	3	2
3021	1	2
3022	0	1
3023	1	0
3024	0	2
3025	0	0
3026	0	0
3027	1	1
3028	0	0
3029	0	2
3030	2	0
3031	2	4
3032	2	0
3033	0	1
3034	1	1
3035	0	2
3036	0	0
3037	0	1
3038	2	0
3039	3	1
3040	1	0
3041	0	1
3042	1	2
3043	1	0
3044	2	0
3045	2	1
3046	2	0
3047	0	1
3048	2	1
3049	1	1
3050	2	0
3051	0	2
3052	2	1
3053	1	1
3054	0	0
3055	0	1
3056	0	0
3057	0	2
3058	4	0
3059	0	1
3060	0	0
3061	1	0
3062	1	3
3063	0	1
3064	0	1
3065	0	2
3066	0	1
3067	0	1
3068	0	1
3069	1	3
3070	1	2
3071	0	2
3072	0	2
3073	2	2
3074	2	0
3075	0	1
3076	0	2
3077	2	1
3078	1	1
3079	0	2
3080	2	2
3081	1	1
3082	0	1
3083	1	1
3084	0	1
3085	1	2
3086	0	0
3087	0	0
3088	0	4
3089	0	1
3090	1	1
3091	1	4
3092	0	1
3093	0	2
3094	0	3
3095	1	1
3096	0	1
3097	0	0
3098	0	0
3099	1	1
3100	0	0
3101	0	2
3102	1	2
3103	0	1
3104	0	1
3105	0	0
3106	1	0
3107	1	0
3108	0	0
3109	0	0
3110	0	1
3111	1	1
3112	1	1
3113	0	2
3114	0	1
3115	1	0
3116	0	1
3117	0	0
3118	1	2
3119	0	1
3120	0	2
3121	1	2
3122	2	3
3123	0	0
3124	0	0
3125	1	3
3126	0	1
3127	0	2
3128	0	1
3129	0	1
3130	1	1
3131	0	0
3132	1	1
3133	1	2
3134	0	0
3135	0	1
3136	0	0
3137	0	2
3138	2	0
3139	1	1
3140	0	0
3141	0	0
3142	1	1
3143	0	1
3144	0	0
3145	1	1
3146	0	1
3147	0	0
3148	1	1
3149	0	1
3150	0	0
3151	0	0
3152	0	1
3153	0	1
3154	0	1
3155	2	2
3156	0	1
3157	0	0
3158	0	0
3159	1	1
3160	0	2
3161	1	0
3162	0	1
3163	1	0
3164	1	1
3165	0	1
3166	1	0
3167	0	1
3168	0	1
3169	0	0
3170	2	2
3171	1	0
3172	1	1
3173	1	4
3174	0	2
3175	2	1
3176	0	1
3177	1	2
3178	0	2
3179	1	2
3180	1	1
3181	0	2
3182	0	1
3183	1	0
3184	0	2
3185	0	1
3186	0	2
3187	0	1
3188	0	0
3189	0	0
3190	2	1
3191	0	0
3192	0	0
3193	0	1
3194	1	1
3195	0	1
3196	0	3
3197	0	1
3198	0	0
3199	0	1
3200	1	2
3201	4	1
3202	0	1
3203	0	0
3204	0	0
3205	0	2
3206	0	0
3207	1	2
3208	0	2
3209	1	1
3210	0	4
3211	0	0
3212	0	2
3213	0	2
3214	0	1
3215	1	1
3216	1	2
3217	0	5
3218	0	0
3219	1	1
3220	0	0
3221	0	0
3222	0	2
3223	0	0
3224	0	0
3225	0	2
3226	0	1
3227	0	2
3228	2	1
3229	0	0
3230	1	2
3231	0	1
3232	1	0
3233	0	0
3234	1	1
3235	1	0
3236	0	1
3237	0	1
3238	0	0
3239	0	0
3240	0	0
3241	0	1
3242	0	1
3243	0	1
3244	0	1
3245	0	0
3246	0	0
3247	2	0
3248	0	1
3249	0	1
3250	0	0
3251	0	0
3252	0	1
3253	0	1
3254	0	0
3255	0	0
3256	0	0
3257	0	0
3258	4	3
3259	1	0
3260	0	1
3261	0	2
3262	1	1
3263	0	1
3264	0	2
3265	1	1
3266	2	1
3267	2	0
3268	1	0
3269	0	0
3270	0	1
3271	0	2
3272	0	0
3273	0	0
3274	0	1
3275	0	1
3276	1	0
3277	1	0
3278	0	0
3279	2	0
3280	2	2
3281	0	3
3282	0	2
3283	0	1
3284	0	0
3285	0	3
3286	0	1
3287	0	0
3288	0	1
3289	0	1
3290	1	2
3291	0	1
3292	1	0
3293	0	1
3294	0	1
3295	0	0
3296	0	1
3297	0	1
3298	0	1
3299	0	0
3300	0	3
3301	0	0
3302	0	1
3303	2	0
3304	0	1
3305	1	0
3306	0	1
3307	0	1
3308	0	1
3309	0	0
3310	0	2
3311	1	0
3312	1	1
3313	0	1
3314	0	2
3315	0	1
3316	0	1
3317	0	0
3318	0	0
3319	0	3
3320	0	0
3321	0	1
3322	0	0
3323	1	0
3324	0	1
3325	1	1
3326	0	1
3327	0	1
3328	0	1
3329	0	1
3330	0	2
3331	1	2
3332	0	1
3333	1	1
3334	0	0
3335	0	3
3336	1	0
3337	0	1
3338	0	0
3339	0	1
3340	0	0
3341	0	3
3342	0	1
3343	0	1
3344	0	0
3345	0	1
3346	0	2
3347	2	1
3348	0	2
3349	0	0
3350	0	0
3351	1	0
3352	0	0
3353	0	5
3354	0	3
3355	1	0
3356	1	2
3357	0	0
3358	0	1
3359	0	2
3360	0	0
3361	0	1
3362	0	1
3363	0	1
3364	0	0
3365	0	0
3366	1	1
3367	0	3
3368	0	0
3369	0	3
3370	1	1
3371	0	1
3372	0	3
3373	0	2
3374	0	0
3375	1	2
3376	0	1
3377	0	1
3378	0	2
3379	0	2
3380	0	0
3381	0	2
3382	2	0
3383	1	0
3384	0	0
3385	1	1
3386	0	2
3387	1	1
3388	1	1
3389	0	0
3390	0	1
3391	0	0
3392	1	0
3393	0	1
3394	0	1
3395	0	0
3396	0	2
3397	0	0
3398	0	1
3399	0	0
3400	0	0
3401	0	1
3402	0	3
3403	0	0
3404	0	1
3405	1	0
3406	0	0
3407	0	1
3408	1	2
3409	0	1
3410	0	0
3411	0	1
3412	0	2
3413	0	1
3414	0	0
3415	0	1
3416	2	2
3417	1	1
3418	1	2
3419	2	4
3420	0	3
3421	1	1
3422	0	0
3423	0	0
3424	0	0
3425	0	1
3426	1	1
3427	0	0
3428	1	1
3429	0	3
3430	0	0
3431	0	0
3432	1	0
3433	0	0
3434	0	0
3435	0	0
3436	0	0
3437	0	0
3438	0	1
3439	0	1
3440	0	0
3441	0	0
3442	0	2
3443	1	2
3444	0	0
3445	0	0
3446	0	2
3447	0	0
3448	0	1
3449	1	0
3450	0	0
3451	0	3
3452	0	0
3453	0	0
3454	1	0
3455	0	0
3456	0	1
3457	0	0
3458	1	2
3459	0	0
3460	0	0
3461	0	1
3462	0	0
3463	0	0
3464	1	2
3465	0	0
3466	0	2
3467	1	0
3468	0	0
3469	0	0
3470	1	0
3471	0	0
3472	0	1
3473	0	0
3474	0	1
3475	0	1
3476	0	1
3477	0	0
3478	0	1
3479	0	1
3480	1	1
3481	0	2
3482	0	0
3483	0	2
3484	0	0
3485	0	0
3486	0	1
3487	0	0
3488	0	1
3489	0	0
3490	0	1
3491	0	2
3492	0	1
3493	0	0
3494	0	0
3495	0	1
3496	0	0
3497	0	1
3498	0	0
3499	1	0
3500	0	1
3501	0	2
3502	0	0
3503	0	0
3504	0	3
3505	0	0
3506	0	1
3507	0	3
3508	0	0
3509	1	0
3510	0	1
3511	0	0
3512	0	1
3513	0	0
3514	0	1
3515	1	0
3516	1	0
3517	0	1
3518	0	0
3519	0	1
3520	0	0
3521	0	0
3522	0	0
3523	0	1
3524	0	2
3525	0	0
3526	1	0
3527	0	1
3528	0	2
3529	0	0
3530	0	3
3531	1	1
3532	0	1
3533	0	0
3534	0	0
3535	0	0
3536	0	0
3537	0	2
3538	0	1
3539	0	0
3540	0	0
3541	0	0
3542	0	1
3543	0	0
3544	0	1
3545	1	1
3546	0	1
3547	0	1
3548	0	3
3549	0	0
3550	1	1
3551	0	1
3552	0	0
3553	0	0
3554	0	0
3555	0	3
3556	0	0
3557	0	1
3558	0	0
3559	0	0
3560	0	1
3561	0	0
3562	0	1
3563	0	0
3564	0	1
3565	0	0
3566	0	0
3567	0	0
3568	1	1
3569	0	0
3570	0	0
3571	0	0
3572	0	2
3573	0	2
3574	0	0
3575	1	0
3576	0	0
3577	0	1
3578	0	0
3579	0	1
3580	0	0
3581	0	0
3582	0	0
3583	0	1
3584	0	2
3585	0	0
3586	0	0
3587	0	1
3588	0	3
3589	0	0
3590	0	1
3591	0	1
3592	0	0
3593	1	2
3594	0	0
3595	0	0
3596	0	0
3597	0	0
3598	0	0
3599	1	0
3600	1	0
3601	0	1
3602	0	1
3603	0	1
3604	0	2
3605	0	0
3606	0	2
3607	0	0
3608	0	2
3609	0	0
3610	0	0
3611	0	1
3612	0	0
3613	0	0
3614	0	1
3615	0	0
3616	0	0
3617	0	0
3618	0	1
3619	1	0
3620	0	1
3621	0	0
3622	0	0
3623	0	0
3624	0	0
3625	0	0
3626	0	0
3627	1	0
3628	0	0
3629	0	0
3630	0	0
3631	0	0
3632	0	0
3633	0	1
3634	0	1
3635	0	1
3636	0	0
3637	0	0
3638	0	0
3639	0	1
3640	0	0
3641	0	1
3642	0	0
3643	0	1
3644	0	0
3645	0	2
3646	0	0
3647	0	1
3648	0	1
3649	0	1
3650	0	4
3651	0	0
3652	0	1
3653	0	0
3654	0	0
3655	0	0
3656	0	0
3657	0	1
3658	0	0
3659	0	1
3660	0	0
3661	0	2
3662	0	0
3663	0	1
3664	0	1
3665	1	3
3666	0	0
3667	0	0
3668	1	0
3669	0	2
3670	0	0
3671	0	0
3672	0	0
3673	0	0
3674	0	0
3675	0	0
3676	0	0
3677	0	0
3678	0	0
3679	0	0
3680	0	0
3681	0	0
3682	0	0
3683	1	0
3684	0	0
3685	0	0
3686	0	0
3687	0	0
3688	0	0
3689	1	0
3690	0	0
3691	0	0
3692	0	1
3693	0	0
3694	0	1
3695	0	0
3696	0	0
3697	0	0
3698	0	0
3699	0	1
3700	0	2
3701	0	2
3702	0	2
3703	0	0
3704	0	0
3705	0	2
3706	1	0
3707	0	2
3708	0	0
3709	0	0
3710	0	1
3711	0	0
3712	0	0
3713	0	0
3714	0	1
3715	0	1
3716	0	1
3717	0	1
3718	0	1
3719	0	2
3720	0	2
3721	0	1
3722	0	2
3723	0	0
3724	1	2
3725	0	1
3726	0	4
3727	0	2
3728	0	0
3729	0	0
3730	0	0
3731	0	2
3732	0	0
3733	0	0
3734	0	1
3735	0	1
3736	0	0
3737	0	0
3738	0	1
3739	0	0
3740	0	1
3741	0	0
3742	0	0
3743	1	2
3744	0	1
3745	0	0
3746	0	0
3747	0	0
3748	0	1
3749	0	0
3750	0	1
3751	0	0
3752	0	1
3753	0	0
3754	0	0
3755	0	0
3756	0	0
3757	0	1
3758	0	1
3759	0	1
3760	0	1
3761	0	0
3762	0	1
3763	0	0
3764	0	0
3765	0	0
3766	0	0
3767	0	0
3768	0	0
3769	0	0
3770	0	0
3771	0	0
3772	0	1
3773	0	1
3774	0	0
3775	0	0
3776	0	0
3777	0	0
3778	0	1
3779	1	1
3780	0	0
3781	0	0
3782	0	0
3783	0	0
3784	0	0
3785	0	0
3786	0	1
3787	0	1
3788	0	0
3789	0	1
3790	0	0
3791	0	0
3792	0	0
3793	0	0
3794	0	0
3795	0	0
3796	0	1
3797	0	0
3798	0	1
3799	0	1
3800	0	0
3801	1	0
3802	0	1
3803	0	0
3804	0	1
3805	0	0
3806	0	0
3807	0	1
3808	0	1
3809	0	0
3810	0	0
3811	0	0
3812	0	0
3813	0	0
3814	0	0
3815	0	0
3816	0	1
3817	0	0
3818	0	1
3819	0	0
3820	0	1
3821	0	1
3822	1	0
3823	0	0
3824	0	0
3825	0	0
3826	0	1
3827	0	0
3828	0	0
3829	0	1
3830	0	1
3831	0	1
3832	0	0
3833	0	1
3834	0	1
3835	0	0
3836	0	1
3837	0	0
3838	0	0
3839	0	0
3840	0	1
3841	0	0
3842	0	0
3843	0	1
3844	1	2
3845	0	1
3846	0	1
3847	0	0
3848	0	0
3849	0	0
3850	0	0
3851	0	0
3852	0	1
3853	0	0
3854	0	2
3855	0	0
3856	0	0
3857	0	1
3858	1	1
3859	0	0
3860	0	1
3861	1	0
3862	0	0
3863	0	0
3864	0	1
3865	0	1
3866	0	0
3867	0	0
3868	0	0
3869	0	0
3870	0	0
3871	0	0
3872	1	0
3873	0	0
3874	0	0
3875	0	0
3876	0	0
3877	0	0
3878	0	0
3879	0	0
3880	0	0
3881	0	0
3882	0	0
3883	0	0
3884	0	0
3885	0	1
3886	0	1
3887	1	0
3888	0	0
3889	0	0
3890	0	0
3891	0	1
3892	0	0
3893	0	0
3894	0	2
3895	0	0
3896	1	1
3897	0	0
3898	0	0
3899	0	0
3900	0	1
3901	0	0
3902	0	0
3903	0	1
3904	0	0
3905	0	1
3906	0	0
3907	0	0
3908	0	0
3909	0	0
3910	0	0
3911	0	1
3912	0	0
3913	0	2
3914	0	0
3915	0	0
3916	0	0
3917	0	0
3918	0	0
3919	0	0
3920	0	0
3921	0	0
3922	1	1
3923	0	1
3924	0	0
3925	0	0
3926	0	0
3927	0	0
3928	0	0
3929	0	1
3930	0	1
3931	0	0
3932	0	0
3933	0	0
3934	0	0
3935	0	1
3936	2	0
3937	0	0
3938	1	0
3939	0	0
3940	0	0
3941	1	0
3942	0	0
3943	0	0
3944	0	1
3945	0	1
3946	0	1
3947	0	0
3948	0	0
3949	0	2
3950	0	0
3951	0	1
3952	0	0
3953	0	0
3954	0	0
3955	0	0
3956	0	0
3957	0	1
3958	0	0
3959	0	0
3960	0	0
3961	0	1
3962	0	1
3963	0	0
3964	0	0
3965	0	0
3966	1	0
3967	0	0
3968	0	0
3969	0	0
3970	0	1
3971	1	0
3972	0	0
3973	1	0
3974	0	0
3975	0	0
3976	0	0
3977	0	1
3978	0	0
3979	0	1
3980	0	0
3981	0	0
3982	0	0
3983	0	0
3984	0	1
3985	0	0
3986	1	0
3987	0	0
3988	0	0
3989	0	0
3990	0	0
3991	0	0
3992	0	0
3993	0	1
3994	0	0
3995	0	1
3996	0	1
3997	0	1
3998	0	0
3999	0	1
4000	0	0
