0	0
1	0
2	0
3	0
4	0
5	0
6	0
7	0
8	0
9	0
10	0
11	0
12	0
13	0
14	0
15	1
16	0
17	0
18	0
19	0
20	1
21	9
22	47
23	62
24	52
25	45
26	58
27	61
28	68
29	63
30	68
31	80
32	78
33	75
34	80
35	74
36	66
37	85
38	56
39	66
40	101
41	73
42	91
43	101
44	81
45	103
46	88
47	122
48	101
49	133
50	133
51	114
52	133
53	155
54	139
55	127
56	142
57	123
58	142
59	138
60	131
61	130
62	113
63	111
64	114
65	135
66	97
67	118
68	93
69	133
70	94
71	91
72	123
73	87
74	135
75	105
76	106
77	116
78	122
79	115
80	134
81	134
82	149
83	94
84	110
85	176
86	116
87	161
88	128
89	140
90	150
91	130
92	146
93	135
94	149
95	187
96	138
97	161
98	172
99	144
100	144
101	174
102	170
103	181
104	184
105	169
106	222
107	202
108	193
109	219
110	241
111	230
112	239
113	207
114	239
115	196
116	211
117	286
118	221
119	239
120	245
121	236
122	301
123	253
124	211
125	291
126	263
127	253
128	289
129	309
130	293
131	271
132	264
133	325
134	268
135	322
136	306
137	277
138	327
139	324
140	301
141	292
142	319
143	296
144	297
145	287
146	310
147	291
148	342
149	361
150	292
151	342
152	278
153	290
154	376
155	290
156	326
157	311
158	337
159	354
160	324
161	313
162	370
163	319
164	321
165	402
166	273
167	304
168	365
169	287
170	373
171	347
172	271
173	324
174	334
175	355
176	306
177	326
178	347
179	289
180	330
181	355
182	306
183	335
184	365
185	297
186	358
187	315
188	307
189	384
190	333
191	355
192	311
193	327
194	325
195	300
196	297
197	362
198	286
199	320
200	296
201	261
202	311
203	309
204	284
205	323
206	317
207	270
208	288
209	315
210	343
211	287
212	315
213	348
214	291
215	318
216	261
217	257
218	336
219	291
220	306
221	309
222	312
223	368
224	288
225	297
226	334
227	271
228	262
229	304
230	258
231	244
232	299
233	269
234	309
235	305
236	253
237	273
238	294
239	279
240	262
241	288
242	264
243	257
244	258
245	319
246	229
247	312
248	274
249	256
250	295
251	296
252	253
253	307
254	238
255	206
256	346
257	243
258	257
259	251
260	227
261	297
262	247
263	226
264	274
265	233
266	278
267	230
268	217
269	275
270	236
271	199
272	218
273	249
274	253
275	238
276	261
277	243
278	198
279	241
280	240
281	225
282	245
283	245
284	216
285	236
286	223
287	236
288	222
289	228
290	227
291	234
292	190
293	260
294	208
295	207
296	260
297	173
298	252
299	247
300	210
301	230
302	240
303	224
304	200
305	204
306	233
307	207
308	194
309	230
310	179
311	205
312	205
313	198
314	239
315	223
316	200
317	223
318	225
319	168
320	222
321	181
322	199
323	199
324	184
325	243
326	171
327	191
328	194
329	218
330	213
331	190
332	201
333	184
334	203
335	176
336	185
337	194
338	208
339	170
340	206
341	203
342	178
343	205
344	179
345	162
346	197
347	159
348	186
349	176
350	171
351	243
352	160
353	172
354	213
355	168
356	163
357	200
358	174
359	167
360	192
361	150
362	187
363	197
364	156
365	186
366	204
367	172
368	170
369	181
370	166
371	147
372	145
373	167
374	151
375	178
376	178
377	176
378	193
379	136
380	162
381	174
382	165
383	181
384	129
385	133
386	155
387	177
388	140
389	164
390	168
391	150
392	154
393	143
394	176
395	142
396	141
397	155
398	162
399	150
400	145
401	154
402	185
403	148
404	159
405	181
406	147
407	194
408	130
409	123
410	163
411	138
412	155
413	157
414	155
415	138
416	138
417	144
418	146
419	137
420	132
421	154
422	140
423	106
424	152
425	119
426	145
427	138
428	146
429	129
430	151
431	156
432	105
433	113
434	120
435	106
436	119
437	134
438	122
439	118
440	110
441	96
442	153
443	108
444	119
445	130
446	130
447	111
448	109
449	107
450	112
451	105
452	113
453	136
454	110
455	109
456	130
457	102
458	98
459	118
460	97
461	116
462	112
463	123
464	105
465	103
466	131
467	95
468	108
469	130
470	102
471	103
472	104
473	105
474	105
475	90
476	100
477	127
478	102
479	126
480	82
481	102
482	93
483	107
484	84
485	134
486	76
487	78
488	106
489	90
490	83
491	110
492	97
493	114
494	92
495	102
496	86
497	93
498	100
499	83
500	109
501	116
502	94
503	91
504	81
505	68
506	91
507	90
508	80
509	79
510	91
511	86
512	118
513	95
514	90
515	101
516	75
517	100
518	68
519	80
520	79
521	82
522	99
523	86
524	91
525	92
526	90
527	81
528	77
529	103
530	82
531	70
532	72
533	69
534	79
535	85
536	76
537	62
538	87
539	72
540	79
541	80
542	84
543	93
544	85
545	78
546	80
547	76
548	82
549	101
550	68
551	72
552	82
553	64
554	84
555	90
556	63
557	79
558	69
559	95
560	77
561	85
562	82
563	62
564	74
565	90
566	68
567	74
568	81
569	65
570	84
571	54
572	69
573	75
574	83
575	76
576	79
577	75
578	76
579	69
580	77
581	70
582	57
583	74
584	65
585	67
586	82
587	65
588	62
589	64
590	92
591	70
592	80
593	70
594	73
595	51
596	49
597	78
598	81
599	61
600	60
601	71
602	66
603	57
604	60
605	64
606	68
607	95
608	64
609	52
610	71
611	68
612	55
613	53
614	50
615	61
616	68
617	57
618	66
619	60
620	72
621	56
622	58
623	67
624	63
625	44
626	58
627	44
628	46
629	60
630	53
631	52
632	70
633	58
634	64
635	54
636	58
637	47
638	56
639	32
640	61
641	61
642	49
643	44
644	41
645	53
646	59
647	49
648	47
649	47
650	66
651	50
652	42
653	44
654	50
655	42
656	61
657	50
658	53
659	48
660	63
661	48
662	43
663	45
664	56
665	33
666	54
667	55
668	52
669	47
670	41
671	46
672	50
673	43
674	48
675	50
676	38
677	34
678	42
679	41
680	50
681	55
682	41
683	31
684	34
685	57
686	45
687	44
688	45
689	46
690	50
691	39
692	35
693	52
694	34
695	37
696	46
697	34
698	34
699	37
700	32
701	32
702	41
703	44
704	44
705	46
706	38
707	45
708	39
709	53
710	33
711	45
712	41
713	41
714	42
715	42
716	43
717	34
718	39
719	33
720	43
721	24
722	37
723	27
724	33
725	41
726	29
727	41
728	32
729	32
730	42
731	35
732	32
733	57
734	37
735	46
736	41
737	39
738	35
739	37
740	39
741	46
742	38
743	29
744	29
745	33
746	38
747	30
748	37
749	31
750	38
751	33
752	22
753	28
754	34
755	27
756	28
757	30
758	43
759	29
760	35
761	25
762	30
763	36
764	28
765	46
766	29
767	37
768	30
769	42
770	34
771	36
772	26
773	39
774	38
775	35
776	22
777	20
778	41
779	36
780	24
781	33
782	31
783	22
784	35
785	24
786	39
787	32
788	26
789	36
790	40
791	33
792	36
793	26
794	44
795	22
796	35
797	32
798	42
799	26
800	30
801	39
802	29
803	41
804	30
805	29
806	25
807	24
808	33
809	17
810	27
811	35
812	23
813	20
814	28
815	39
816	21
817	18
818	25
819	21
820	26
821	34
822	30
823	31
824	34
825	22
826	26
827	21
828	27
829	25
830	27
831	38
832	38
833	29
834	24
835	29
836	19
837	32
838	30
839	30
840	27
841	29
842	31
843	31
844	21
845	28
846	46
847	39
848	32
849	25
850	25
851	34
852	26
853	20
854	29
855	18
856	29
857	26
858	41
859	31
860	26
861	27
862	31
863	38
864	25
865	26
866	30
867	17
868	17
869	20
870	36
871	25
872	23
873	35
874	38
875	26
876	20
877	17
878	18
879	29
880	17
881	27
882	19
883	21
884	23
885	27
886	24
887	20
888	15
889	20
890	20
891	20
892	24
893	23
894	24
895	29
896	25
897	29
898	17
899	20
900	29
901	27
902	23
903	30
904	20
905	16
906	23
907	23
908	35
909	27
910	23
911	16
912	26
913	22
914	24
915	20
916	24
917	26
918	22
919	24
920	23
921	24
922	34
923	17
924	30
925	32
926	23
927	26
928	14
929	24
930	21
931	18
932	29
933	24
934	24
935	22
936	23
937	18
938	26
939	20
940	32
941	17
942	26
943	16
944	12
945	23
946	24
947	18
948	23
949	18
950	19
951	15
952	29
953	25
954	33
955	24
956	20
957	17
958	24
959	38
960	24
961	24
962	15
963	17
964	22
965	24
966	15
967	33
968	23
969	24
970	26
971	28
972	17
973	23
974	33
975	21
976	20
977	24
978	27
979	18
980	18
981	30
982	19
983	20
984	17
985	24
986	21
987	17
988	19
989	21
990	28
991	30
992	17
993	27
994	27
995	24
996	14
997	21
998	24
999	17
1000	24
1001	28
1002	20
1003	30
1004	24
1005	20
1006	21
1007	28
1008	18
1009	16
1010	22
1011	29
1012	21
1013	19
1014	18
1015	22
1016	24
1017	23
1018	24
1019	20
1020	20
1021	22
1022	20
1023	6
1024	27
1025	23
1026	22
1027	27
1028	13
1029	25
1030	22
1031	27
1032	18
1033	24
1034	31
1035	29
1036	24
1037	20
1038	21
1039	15
1040	24
1041	27
1042	20
1043	22
1044	14
1045	30
1046	17
1047	22
1048	16
1049	26
1050	12
1051	23
1052	26
1053	25
1054	18
1055	20
1056	27
1057	26
1058	20
1059	15
1060	19
1061	28
1062	20
1063	24
1064	16
1065	18
1066	17
1067	23
1068	13
1069	20
1070	28
1071	23
1072	13
1073	26
1074	21
1075	21
1076	30
1077	26
1078	23
1079	20
1080	12
1081	23
1082	25
1083	20
1084	15
1085	24
1086	24
1087	23
1088	21
1089	27
1090	24
1091	18
1092	21
1093	26
1094	26
1095	16
1096	11
1097	18
1098	18
1099	17
1100	15
1101	13
1102	15
1103	18
1104	17
1105	15
1106	20
1107	21
1108	25
1109	21
1110	21
1111	20
1112	15
1113	17
1114	16
1115	23
1116	20
1117	20
1118	22
1119	24
1120	21
1121	22
1122	20
1123	22
1124	24
1125	22
1126	22
1127	15
1128	11
1129	15
1130	24
1131	21
1132	17
1133	17
1134	30
1135	22
1136	9
1137	19
1138	12
1139	22
1140	26
1141	17
1142	16
1143	18
1144	15
1145	23
1146	26
1147	24
1148	13
1149	13
1150	22
1151	12
1152	13
1153	16
1154	22
1155	12
1156	17
1157	17
1158	15
1159	18
1160	19
1161	13
1162	24
1163	19
1164	16
1165	21
1166	14
1167	12
1168	19
1169	16
1170	14
1171	12
1172	14
1173	18
1174	20
1175	12
1176	17
1177	18
1178	19
1179	13
1180	16
1181	19
1182	8
1183	19
1184	24
1185	14
1186	21
1187	11
1188	13
1189	8
1190	10
1191	14
1192	21
1193	10
1194	16
1195	13
1196	11
1197	17
1198	20
1199	18
1200	14
1201	13
1202	19
1203	15
1204	13
1205	20
1206	10
1207	15
1208	18
1209	8
1210	16
1211	9
1212	14
1213	12
1214	16
1215	22
1216	14
1217	12
1218	9
1219	10
1220	14
1221	15
1222	11
1223	14
1224	18
1225	12
1226	16
1227	7
1228	12
1229	13
1230	17
1231	10
1232	11
1233	9
1234	17
1235	14
1236	17
1237	14
1238	12
1239	15
1240	9
1241	9
1242	12
1243	8
1244	11
1245	8
1246	10
1247	23
1248	12
1249	16
1250	9
1251	11
1252	11
1253	15
1254	14
1255	8
1256	9
1257	13
1258	15
1259	17
1260	14
1261	16
1262	14
1263	11
1264	10
1265	13
1266	11
1267	9
1268	17
1269	16
1270	13
1271	7
1272	11
1273	16
1274	10
1275	13
1276	15
1277	15
1278	5
1279	11
1280	11
1281	21
1282	15
1283	15
1284	13
1285	21
1286	12
1287	12
1288	13
1289	12
1290	7
1291	13
1292	6
1293	16
1294	6
1295	16
1296	18
1297	15
1298	13
1299	11
1300	11
1301	9
1302	10
1303	8
1304	14
1305	12
1306	12
1307	11
1308	9
1309	11
1310	13
1311	15
1312	12
1313	10
1314	11
1315	14
1316	10
1317	12
1318	11
1319	16
1320	14
1321	12
1322	11
1323	8
1324	6
1325	11
1326	14
1327	12
1328	17
1329	11
1330	12
1331	9
1332	12
1333	11
1334	12
1335	11
1336	4
1337	14
1338	8
1339	11
1340	14
1341	11
1342	12
1343	7
1344	14
1345	11
1346	14
1347	16
1348	6
1349	16
1350	9
1351	12
1352	13
1353	12
1354	12
1355	12
1356	8
1357	7
1358	11
1359	8
1360	14
1361	9
1362	13
1363	9
1364	9
1365	12
1366	10
1367	13
1368	17
1369	12
1370	13
1371	15
1372	12
1373	14
1374	8
1375	8
1376	11
1377	8
1378	7
1379	13
1380	11
1381	8
1382	10
1383	9
1384	8
1385	10
1386	11
1387	10
1388	13
1389	5
1390	11
1391	10
1392	20
1393	6
1394	11
1395	10
1396	8
1397	12
1398	8
1399	5
1400	9
1401	9
1402	11
1403	8
1404	11
1405	8
1406	8
1407	13
1408	6
1409	16
1410	5
1411	9
1412	5
1413	17
1414	5
1415	14
1416	14
1417	12
1418	11
1419	10
1420	6
1421	10
1422	9
1423	8
1424	11
1425	14
1426	8
1427	13
1428	11
1429	4
1430	5
1431	14
1432	12
1433	9
1434	10
1435	9
1436	14
1437	11
1438	10
1439	6
1440	6
1441	14
1442	16
1443	10
1444	9
1445	9
1446	5
1447	6
1448	13
1449	10
1450	6
1451	7
1452	7
1453	6
1454	11
1455	6
1456	14
1457	10
1458	17
1459	7
1460	7
1461	8
1462	6
1463	6
1464	8
1465	11
1466	13
1467	9
1468	10
1469	10
1470	16
1471	6
1472	5
1473	7
1474	11
1475	6
1476	10
1477	5
1478	13
1479	5
1480	6
1481	14
1482	9
1483	6
1484	8
1485	10
1486	9
1487	12
1488	9
1489	6
1490	8
1491	15
1492	16
1493	14
1494	12
1495	9
1496	9
1497	9
1498	14
1499	8
1500	16
1501	12
1502	16
1503	11
1504	5
1505	8
1506	3
1507	11
1508	8
1509	10
1510	6
1511	13
1512	14
1513	8
1514	15
1515	13
1516	7
1517	10
1518	6
1519	13
1520	11
1521	8
1522	7
1523	10
1524	18
1525	10
1526	11
1527	8
1528	11
1529	9
1530	9
1531	15
1532	11
1533	7
1534	9
1535	13
1536	14
1537	10
1538	8
1539	8
1540	4
1541	9
1542	4
1543	8
1544	8
1545	11
1546	14
1547	3
1548	14
1549	8
1550	10
1551	9
1552	6
1553	9
1554	9
1555	5
1556	12
1557	9
1558	9
1559	12
1560	10
1561	7
1562	12
1563	6
1564	7
1565	7
1566	11
1567	15
1568	10
1569	4
1570	9
1571	11
1572	9
1573	13
1574	11
1575	13
1576	9
1577	6
1578	8
1579	11
1580	8
1581	10
1582	11
1583	6
1584	5
1585	6
1586	14
1587	4
1588	6
1589	6
1590	10
1591	11
1592	10
1593	6
1594	7
1595	6
1596	10
1597	12
1598	7
1599	7
1600	8
1601	4
1602	12
1603	3
1604	6
1605	11
1606	11
1607	7
1608	7
1609	9
1610	7
1611	2
1612	7
1613	12
1614	8
1615	3
1616	12
1617	4
1618	7
1619	4
1620	8
1621	8
1622	6
1623	4
1624	8
1625	10
1626	5
1627	2
1628	8
1629	4
1630	8
1631	6
1632	5
1633	8
1634	17
1635	7
1636	5
1637	12
1638	4
1639	8
1640	5
1641	1
1642	3
1643	6
1644	8
1645	9
1646	5
1647	9
1648	6
1649	4
1650	8
1651	9
1652	7
1653	7
1654	7
1655	9
1656	10
1657	4
1658	9
1659	3
1660	8
1661	6
1662	6
1663	9
1664	6
1665	5
1666	8
1667	4
1668	8
1669	12
1670	4
1671	7
1672	7
1673	7
1674	3
1675	6
1676	7
1677	6
1678	9
1679	7
1680	7
1681	8
1682	11
1683	7
1684	10
1685	6
1686	6
1687	6
1688	5
1689	9
1690	7
1691	5
1692	5
1693	8
1694	7
1695	8
1696	5
1697	13
1698	7
1699	6
1700	5
1701	9
1702	7
1703	8
1704	8
1705	6
1706	7
1707	5
1708	6
1709	6
1710	5
1711	7
1712	4
1713	6
1714	6
1715	4
1716	6
1717	12
1718	5
1719	7
1720	12
1721	8
1722	4
1723	3
1724	3
1725	6
1726	9
1727	6
1728	4
1729	7
1730	4
1731	4
1732	5
1733	8
1734	6
1735	3
1736	4
1737	6
1738	7
1739	5
1740	8
1741	9
1742	5
1743	3
1744	4
1745	9
1746	7
1747	5
1748	6
1749	6
1750	7
1751	4
1752	4
1753	9
1754	7
1755	8
1756	10
1757	6
1758	8
1759	5
1760	9
1761	6
1762	5
1763	3
1764	6
1765	11
1766	9
1767	6
1768	6
1769	4
1770	8
1771	7
1772	10
1773	4
1774	10
1775	10
1776	5
1777	4
1778	5
1779	6
1780	13
1781	10
1782	9
1783	7
1784	4
1785	6
1786	6
1787	6
1788	8
1789	5
1790	5
1791	7
1792	18
1793	15
1794	9
1795	5
1796	10
1797	11
1798	9
1799	5
1800	4
1801	12
1802	12
1803	7
1804	9
1805	6
1806	8
1807	5
1808	7
1809	5
1810	7
1811	6
1812	6
1813	6
1814	3
1815	9
1816	13
1817	6
1818	6
1819	8
1820	4
1821	5
1822	7
1823	6
1824	7
1825	8
1826	4
1827	10
1828	8
1829	5
1830	3
1831	2
1832	8
1833	5
1834	6
1835	7
1836	3
1837	6
1838	6
1839	4
1840	6
1841	8
1842	6
1843	8
1844	8
1845	7
1846	9
1847	8
1848	2
1849	9
1850	8
1851	2
1852	8
1853	7
1854	6
1855	5
1856	5
1857	4
1858	10
1859	5
1860	9
1861	3
1862	4
1863	6
1864	6
1865	8
1866	2
1867	3
1868	6
1869	6
1870	8
1871	8
1872	6
1873	4
1874	5
1875	7
1876	10
1877	5
1878	2
1879	8
1880	4
1881	6
1882	8
1883	7
1884	5
1885	8
1886	8
1887	8
1888	6
1889	6
1890	8
1891	5
1892	5
1893	7
1894	8
1895	6
1896	3
1897	3
1898	7
1899	3
1900	8
1901	9
1902	3
1903	8
1904	5
1905	3
1906	8
1907	11
1908	6
1909	8
1910	5
1911	2
1912	5
1913	7
1914	8
1915	3
1916	7
1917	5
1918	6
1919	5
1920	6
1921	5
1922	12
1923	4
1924	3
1925	4
1926	5
1927	6
1928	2
1929	10
1930	11
1931	4
1932	6
1933	8
1934	8
1935	2
1936	1
1937	6
1938	8
1939	3
1940	5
1941	3
1942	6
1943	2
1944	6
1945	11
1946	7
1947	3
1948	7
1949	8
1950	7
1951	11
1952	7
1953	7
1954	7
1955	7
1956	2
1957	6
1958	3
1959	5
1960	7
1961	4
1962	7
1963	9
1964	2
1965	4
1966	4
1967	7
1968	8
1969	4
1970	4
1971	7
1972	7
1973	3
1974	3
1975	2
1976	4
1977	12
1978	3
1979	4
1980	6
1981	3
1982	3
1983	3
1984	4
1985	9
1986	1
1987	2
1988	3
1989	4
1990	3
1991	4
1992	5
1993	6
1994	6
1995	3
1996	1
1997	2
1998	3
1999	8
2000	1
2001	2
2002	3
2003	4
2004	5
2005	6
2006	3
2007	3
2008	4
2009	5
2010	7
2011	2
2012	4
2013	6
2014	4
2015	5
2016	6
2017	6
2018	5
2019	4
2020	1
2021	3
2022	0
2023	5
2024	6
2025	6
2026	5
2027	7
2028	4
2029	5
2030	5
2031	8
2032	2
2033	6
2034	5
2035	7
2036	4
2037	8
2038	5
2039	6
2040	3
2041	4
2042	6
2043	2
2044	4
2045	5
2046	3
2047	1
2048	3
2049	7
2050	8
2051	2
2052	4
2053	3
2054	4
2055	3
2056	4
2057	0
2058	4
2059	5
2060	3
2061	6
2062	8
2063	2
2064	2
2065	3
2066	6
2067	3
2068	6
2069	4
2070	6
2071	6
2072	5
2073	4
2074	7
2075	5
2076	4
2077	5
2078	3
2079	5
2080	3
2081	2
2082	7
2083	2
2084	5
2085	5
2086	2
2087	9
2088	3
2089	6
2090	3
2091	3
2092	7
2093	5
2094	4
2095	5
2096	3
2097	9
2098	4
2099	8
2100	4
2101	3
2102	7
2103	2
2104	4
2105	2
2106	1
2107	7
2108	2
2109	3
2110	3
2111	3
2112	11
2113	4
2114	5
2115	1
2116	3
2117	4
2118	5
2119	8
2120	2
2121	3
2122	3
2123	4
2124	7
2125	5
2126	2
2127	8
2128	4
2129	3
2130	5
2131	3
2132	5
2133	2
2134	7
2135	5
2136	4
2137	4
2138	2
2139	5
2140	1
2141	3
2142	3
2143	1
2144	1
2145	3
2146	3
2147	2
2148	0
2149	5
2150	2
2151	6
2152	7
2153	5
2154	8
2155	8
2156	4
2157	2
2158	6
2159	0
2160	1
2161	5
2162	1
2163	5
2164	2
2165	6
2166	3
2167	5
2168	5
2169	6
2170	3
2171	5
2172	2
2173	5
2174	3
2175	8
2176	4
2177	4
2178	4
2179	3
2180	5
2181	3
2182	9
2183	3
2184	2
2185	6
2186	6
2187	9
2188	5
2189	2
2190	6
2191	4
2192	4
2193	5
2194	4
2195	5
2196	2
2197	5
2198	3
2199	3
2200	6
2201	6
2202	2
2203	5
2204	5
2205	4
2206	5
2207	6
2208	5
2209	6
2210	6
2211	3
2212	7
2213	2
2214	5
2215	7
2216	2
2217	0
2218	2
2219	9
2220	1
2221	8
2222	2
2223	1
2224	6
2225	6
2226	2
2227	4
2228	12
2229	7
2230	6
2231	5
2232	3
2233	5
2234	5
2235	5
2236	1
2237	5
2238	3
2239	6
2240	3
2241	5
2242	6
2243	4
2244	1
2245	4
2246	4
2247	2
2248	7
2249	5
2250	2
2251	5
2252	5
2253	6
2254	6
2255	4
2256	8
2257	5
2258	2
2259	9
2260	3
2261	7
2262	5
2263	7
2264	8
2265	5
2266	5
2267	5
2268	6
2269	9
2270	10
2271	5
2272	5
2273	7
2274	2
2275	3
2276	7
2277	8
2278	6
2279	4
2280	6
2281	4
2282	5
2283	5
2284	3
2285	7
2286	5
2287	2
2288	4
2289	4
2290	6
2291	4
2292	6
2293	6
2294	6
2295	1
2296	2
2297	3
2298	6
2299	5
2300	2
2301	7
2302	9
2303	5
2304	3
2305	8
2306	3
2307	3
2308	4
2309	1
2310	6
2311	4
2312	7
2313	8
2314	3
2315	6
2316	4
2317	3
2318	2
2319	7
2320	7
2321	4
2322	3
2323	2
2324	2
2325	5
2326	7
2327	7
2328	5
2329	4
2330	5
2331	5
2332	6
2333	7
2334	3
2335	2
2336	4
2337	4
2338	5
2339	12
2340	3
2341	3
2342	3
2343	6
2344	4
2345	4
2346	1
2347	3
2348	6
2349	3
2350	4
2351	4
2352	6
2353	3
2354	4
2355	5
2356	4
2357	5
2358	1
2359	3
2360	2
2361	4
2362	5
2363	4
2364	3
2365	7
2366	4
2367	3
2368	3
2369	3
2370	3
2371	0
2372	3
2373	9
2374	6
2375	2
2376	5
2377	4
2378	4
2379	7
2380	3
2381	4
2382	3
2383	6
2384	6
2385	1
2386	2
2387	5
2388	4
2389	6
2390	3
2391	6
2392	4
2393	5
2394	3
2395	2
2396	4
2397	4
2398	2
2399	2
2400	3
2401	3
2402	2
2403	1
2404	5
2405	3
2406	4
2407	0
2408	3
2409	2
2410	4
2411	5
2412	6
2413	2
2414	4
2415	2
2416	3
2417	7
2418	3
2419	2
2420	1
2421	4
2422	3
2423	1
2424	2
2425	5
2426	6
2427	1
2428	5
2429	5
2430	1
2431	3
2432	2
2433	1
2434	1
2435	2
2436	4
2437	1
2438	4
2439	2
2440	5
2441	1
2442	1
2443	3
2444	1
2445	6
2446	5
2447	2
2448	3
2449	3
2450	5
2451	1
2452	4
2453	6
2454	2
2455	0
2456	3
2457	3
2458	5
2459	4
2460	3
2461	2
2462	2
2463	1
2464	3
2465	2
2466	4
2467	1
2468	2
2469	8
2470	0
2471	5
2472	6
2473	3
2474	1
2475	1
2476	2
2477	3
2478	2
2479	1
2480	2
2481	6
2482	4
2483	3
2484	2
2485	2
2486	0
2487	4
2488	2
2489	1
2490	3
2491	0
2492	0
2493	7
2494	0
2495	1
2496	1
2497	2
2498	5
2499	1
2500	2
2501	4
2502	3
2503	1
2504	1
2505	0
2506	1
2507	1
2508	2
2509	4
2510	4
2511	1
2512	2
2513	4
2514	0
2515	5
2516	3
2517	5
2518	2
2519	1
2520	3
2521	2
2522	3
2523	2
2524	5
2525	3
2526	2
2527	3
2528	1
2529	2
2530	3
2531	1
2532	2
2533	2
2534	3
2535	2
2536	4
2537	3
2538	5
2539	1
2540	5
2541	5
2542	2
2543	1
2544	1
2545	2
2546	1
2547	2
2548	2
2549	1
2550	6
2551	1
2552	5
2553	3
2554	2
2555	2
2556	1
2557	3
2558	4
2559	4
2560	2
2561	3
2562	1
2563	1
2564	1
2565	2
2566	2
2567	5
2568	2
2569	2
2570	1
2571	2
2572	3
2573	2
2574	3
2575	3
2576	2
2577	4
2578	3
2579	0
2580	3
2581	6
2582	4
2583	1
2584	3
2585	4
2586	0
2587	1
2588	3
2589	3
2590	2
2591	2
2592	2
2593	0
2594	5
2595	3
2596	1
2597	2
2598	1
2599	3
2600	3
2601	2
2602	1
2603	3
2604	0
2605	1
2606	4
2607	0
2608	1
2609	0
2610	3
2611	2
2612	2
2613	3
2614	3
2615	1
2616	1
2617	2
2618	1
2619	1
2620	2
2621	3
2622	2
2623	1
2624	2
2625	1
2626	2
2627	3
2628	1
2629	3
2630	5
2631	0
2632	1
2633	2
2634	1
2635	2
2636	0
2637	1
2638	2
2639	3
2640	1
2641	4
2642	4
2643	3
2644	1
2645	4
2646	7
2647	3
2648	4
2649	1
2650	4
2651	0
2652	2
2653	2
2654	1
2655	3
2656	2
2657	2
2658	2
2659	3
2660	1
2661	1
2662	0
2663	2
2664	1
2665	1
2666	3
2667	1
2668	1
2669	0
2670	1
2671	0
2672	1
2673	1
2674	2
2675	2
2676	2
2677	3
2678	0
2679	1
2680	2
2681	5
2682	0
2683	2
2684	0
2685	2
2686	3
2687	0
2688	2
2689	0
2690	6
2691	2
2692	5
2693	2
2694	4
2695	3
2696	0
2697	1
2698	0
2699	0
2700	3
2701	3
2702	0
2703	2
2704	2
2705	2
2706	1
2707	2
2708	1
2709	1
2710	1
2711	0
2712	0
2713	1
2714	3
2715	1
2716	1
2717	5
2718	1
2719	1
2720	1
2721	2
2722	0
2723	1
2724	3
2725	0
2726	4
2727	1
2728	3
2729	0
2730	3
2731	1
2732	2
2733	1
2734	3
2735	2
2736	1
2737	1
2738	5
2739	2
2740	1
2741	1
2742	1
2743	1
2744	4
2745	1
2746	2
2747	0
2748	1
2749	0
2750	2
2751	3
2752	4
2753	2
2754	2
2755	2
2756	0
2757	4
2758	1
2759	2
2760	1
2761	3
2762	1
2763	1
2764	3
2765	1
2766	2
2767	0
2768	1
2769	1
2770	3
2771	1
2772	2
2773	4
2774	1
2775	3
2776	1
2777	0
2778	2
2779	0
2780	0
2781	3
2782	1
2783	2
2784	1
2785	2
2786	0
2787	2
2788	2
2789	0
2790	1
2791	2
2792	2
2793	0
2794	1
2795	1
2796	0
2797	2
2798	1
2799	0
2800	0
2801	1
2802	6
2803	4
2804	0
2805	2
2806	1
2807	2
2808	1
2809	1
2810	1
2811	0
2812	0
2813	1
2814	0
2815	2
2816	2
2817	2
2818	0
2819	2
2820	0
2821	1
2822	0
2823	2
2824	1
2825	2
2826	1
2827	2
2828	2
2829	1
2830	4
2831	2
2832	2
2833	1
2834	0
2835	2
2836	1
2837	0
2838	0
2839	1
2840	1
2841	3
2842	1
2843	1
2844	0
2845	0
2846	0
2847	0
2848	4
2849	3
2850	3
2851	1
2852	3
2853	1
2854	0
2855	0
2856	1
2857	0
2858	0
2859	0
2860	2
2861	1
2862	0
2863	1
2864	0
2865	1
2866	1
2867	1
2868	1
2869	2
2870	0
2871	2
2872	1
2873	3
2874	1
2875	1
2876	0
2877	1
2878	1
2879	0
2880	0
2881	2
2882	0
2883	1
2884	1
2885	1
2886	0
2887	0
2888	3
2889	1
2890	0
2891	1
2892	1
2893	1
2894	0
2895	1
2896	2
2897	1
2898	0
2899	1
2900	0
2901	1
2902	1
2903	0
2904	1
2905	0
2906	2
2907	0
2908	0
2909	1
2910	0
2911	0
2912	2
2913	2
2914	1
2915	1
2916	3
2917	2
2918	2
2919	0
2920	1
2921	0
2922	1
2923	0
2924	1
2925	1
2926	2
2927	1
2928	1
2929	1
2930	1
2931	0
2932	1
2933	1
2934	0
2935	0
2936	1
2937	0
2938	3
2939	1
2940	0
2941	2
2942	3
2943	0
2944	2
2945	0
2946	0
2947	0
2948	0
2949	1
2950	0
2951	2
2952	2
2953	3
2954	3
2955	0
2956	1
2957	0
2958	0
2959	1
2960	2
2961	1
2962	0
2963	1
2964	1
2965	0
2966	0
2967	0
2968	0
2969	0
2970	3
2971	3
2972	1
2973	0
2974	3
2975	2
2976	2
2977	3
2978	3
2979	2
2980	0
2981	0
2982	0
2983	1
2984	0
2985	2
2986	2
2987	1
2988	0
2989	3
2990	3
2991	0
2992	1
2993	1
2994	0
2995	2
2996	0
2997	2
2998	0
2999	2
3000	0
3001	3
3002	0
3003	1
3004	0
3005	1
3006	0
3007	0
3008	1
3009	0
3010	0
3011	2
3012	2
3013	4
3014	0
3015	1
3016	2
3017	2
3018	1
3019	1
3020	2
3021	2
3022	1
3023	0
3024	2
3025	0
3026	0
3027	1
3028	0
3029	2
3030	0
3031	4
3032	0
3033	1
3034	1
3035	2
3036	0
3037	1
3038	0
3039	1
3040	0
3041	1
3042	2
3043	0
3044	0
3045	1
3046	0
3047	1
3048	1
3049	1
3050	0
3051	2
3052	1
3053	1
3054	0
3055	1
3056	0
3057	2
3058	0
3059	1
3060	0
3061	0
3062	3
3063	1
3064	1
3065	2
3066	1
3067	1
3068	1
3069	3
3070	2
3071	2
3072	2
3073	2
3074	0
3075	1
3076	2
3077	1
3078	1
3079	2
3080	2
3081	1
3082	1
3083	1
3084	1
3085	2
3086	0
3087	0
3088	4
3089	1
3090	1
3091	4
3092	1
3093	2
3094	3
3095	1
3096	1
3097	0
3098	0
3099	1
3100	0
3101	2
3102	2
3103	1
3104	1
3105	0
3106	0
3107	0
3108	0
3109	0
3110	1
3111	1
3112	1
3113	2
3114	1
3115	0
3116	1
3117	0
3118	2
3119	1
3120	2
3121	2
3122	3
3123	0
3124	0
3125	3
3126	1
3127	2
3128	1
3129	1
3130	1
3131	0
3132	1
3133	2
3134	0
3135	1
3136	0
3137	2
3138	0
3139	1
3140	0
3141	0
3142	1
3143	1
3144	0
3145	1
3146	1
3147	0
3148	1
3149	1
3150	0
3151	0
3152	1
3153	1
3154	1
3155	2
3156	1
3157	0
3158	0
3159	1
3160	2
3161	0
3162	1
3163	0
3164	1
3165	1
3166	0
3167	1
3168	1
3169	0
3170	2
3171	0
3172	1
3173	4
3174	2
3175	1
3176	1
3177	2
3178	2
3179	2
3180	1
3181	2
3182	1
3183	0
3184	2
3185	1
3186	2
3187	1
3188	0
3189	0
3190	1
3191	0
3192	0
3193	1
3194	1
3195	1
3196	3
3197	1
3198	0
3199	1
3200	2
3201	1
3202	1
3203	0
3204	0
3205	2
3206	0
3207	2
3208	2
3209	1
3210	4
3211	0
3212	2
3213	2
3214	1
3215	1
3216	2
3217	5
3218	0
3219	1
3220	0
3221	0
3222	2
3223	0
3224	0
3225	2
3226	1
3227	2
3228	1
3229	0
3230	2
3231	1
3232	0
3233	0
3234	1
3235	0
3236	1
3237	1
3238	0
3239	0
3240	0
3241	1
3242	1
3243	1
3244	1
3245	0
3246	0
3247	0
3248	1
3249	1
3250	0
3251	0
3252	1
3253	1
3254	0
3255	0
3256	0
3257	0
3258	3
3259	0
3260	1
3261	2
3262	1
3263	1
3264	2
3265	1
3266	1
3267	0
3268	0
3269	0
3270	1
3271	2
3272	0
3273	0
3274	1
3275	1
3276	0
3277	0
3278	0
3279	0
3280	2
3281	3
3282	2
3283	1
3284	0
3285	3
3286	1
3287	0
3288	1
3289	1
3290	2
3291	1
3292	0
3293	1
3294	1
3295	0
3296	1
3297	1
3298	1
3299	0
3300	3
3301	0
3302	1
3303	0
3304	1
3305	0
3306	1
3307	1
3308	1
3309	0
3310	2
3311	0
3312	1
3313	1
3314	2
3315	1
3316	1
3317	0
3318	0
3319	3
3320	0
3321	1
3322	0
3323	0
3324	1
3325	1
3326	1
3327	1
3328	1
3329	1
3330	2
3331	2
3332	1
3333	1
3334	0
3335	3
3336	0
3337	1
3338	0
3339	1
3340	0
3341	3
3342	1
3343	1
3344	0
3345	1
3346	2
3347	1
3348	2
3349	0
3350	0
3351	0
3352	0
3353	5
3354	3
3355	0
3356	2
3357	0
3358	1
3359	2
3360	0
3361	1
3362	1
3363	1
3364	0
3365	0
3366	1
3367	3
3368	0
3369	3
3370	1
3371	1
3372	3
3373	2
3374	0
3375	2
3376	1
3377	1
3378	2
3379	2
3380	0
3381	2
3382	0
3383	0
3384	0
3385	1
3386	2
3387	1
3388	1
3389	0
3390	1
3391	0
3392	0
3393	1
3394	1
3395	0
3396	2
3397	0
3398	1
3399	0
3400	0
3401	1
3402	3
3403	0
3404	1
3405	0
3406	0
3407	1
3408	2
3409	1
3410	0
3411	1
3412	2
3413	1
3414	0
3415	1
3416	2
3417	1
3418	2
3419	4
3420	3
3421	1
3422	0
3423	0
3424	0
3425	1
3426	1
3427	0
3428	1
3429	3
3430	0
3431	0
3432	0
3433	0
3434	0
3435	0
3436	0
3437	0
3438	1
3439	1
3440	0
3441	0
3442	2
3443	2
3444	0
3445	0
3446	2
3447	0
3448	1
3449	0
3450	0
3451	3
3452	0
3453	0
3454	0
3455	0
3456	1
3457	0
3458	2
3459	0
3460	0
3461	1
3462	0
3463	0
3464	2
3465	0
3466	2
3467	0
3468	0
3469	0
3470	0
3471	0
3472	1
3473	0
3474	1
3475	1
3476	1
3477	0
3478	1
3479	1
3480	1
3481	2
3482	0
3483	2
3484	0
3485	0
3486	1
3487	0
3488	1
3489	0
3490	1
3491	2
3492	1
3493	0
3494	0
3495	1
3496	0
3497	1
3498	0
3499	0
3500	1
3501	2
3502	0
3503	0
3504	3
3505	0
3506	1
3507	3
3508	0
3509	0
3510	1
3511	0
3512	1
3513	0
3514	1
3515	0
3516	0
3517	1
3518	0
3519	1
3520	0
3521	0
3522	0
3523	1
3524	2
3525	0
3526	0
3527	1
3528	2
3529	0
3530	3
3531	1
3532	1
3533	0
3534	0
3535	0
3536	0
3537	2
3538	1
3539	0
3540	0
3541	0
3542	1
3543	0
3544	1
3545	1
3546	1
3547	1
3548	3
3549	0
3550	1
3551	1
3552	0
3553	0
3554	0
3555	3
3556	0
3557	1
3558	0
3559	0
3560	1
3561	0
3562	1
3563	0
3564	1
3565	0
3566	0
3567	0
3568	1
3569	0
3570	0
3571	0
3572	2
3573	2
3574	0
3575	0
3576	0
3577	1
3578	0
3579	1
3580	0
3581	0
3582	0
3583	1
3584	2
3585	0
3586	0
3587	1
3588	3
3589	0
3590	1
3591	1
3592	0
3593	2
3594	0
3595	0
3596	0
3597	0
3598	0
3599	0
3600	0
3601	1
3602	1
3603	1
3604	2
3605	0
3606	2
3607	0
3608	2
3609	0
3610	0
3611	1
3612	0
3613	0
3614	1
3615	0
3616	0
3617	0
3618	1
3619	0
3620	1
3621	0
3622	0
3623	0
3624	0
3625	0
3626	0
3627	0
3628	0
3629	0
3630	0
3631	0
3632	0
3633	1
3634	1
3635	1
3636	0
3637	0
3638	0
3639	1
3640	0
3641	1
3642	0
3643	1
3644	0
3645	2
3646	0
3647	1
3648	1
3649	1
3650	4
3651	0
3652	1
3653	0
3654	0
3655	0
3656	0
3657	1
3658	0
3659	1
3660	0
3661	2
3662	0
3663	1
3664	1
3665	3
3666	0
3667	0
3668	0
3669	2
3670	0
3671	0
3672	0
3673	0
3674	0
3675	0
3676	0
3677	0
3678	0
3679	0
3680	0
3681	0
3682	0
3683	0
3684	0
3685	0
3686	0
3687	0
3688	0
3689	0
3690	0
3691	0
3692	1
3693	0
3694	1
3695	0
3696	0
3697	0
3698	0
3699	1
3700	2
3701	2
3702	2
3703	0
3704	0
3705	2
3706	0
3707	2
3708	0
3709	0
3710	1
3711	0
3712	0
3713	0
3714	1
3715	1
3716	1
3717	1
3718	1
3719	2
3720	2
3721	1
3722	2
3723	0
3724	2
3725	1
3726	4
3727	2
3728	0
3729	0
3730	0
3731	2
3732	0
3733	0
3734	1
3735	1
3736	0
3737	0
3738	1
3739	0
3740	1
3741	0
3742	0
3743	2
3744	1
3745	0
3746	0
3747	0
3748	1
3749	0
3750	1
3751	0
3752	1
3753	0
3754	0
3755	0
3756	0
3757	1
3758	1
3759	1
3760	1
3761	0
3762	1
3763	0
3764	0
3765	0
3766	0
3767	0
3768	0
3769	0
3770	0
3771	0
3772	1
3773	1
3774	0
3775	0
3776	0
3777	0
3778	1
3779	1
3780	0
3781	0
3782	0
3783	0
3784	0
3785	0
3786	1
3787	1
3788	0
3789	1
3790	0
3791	0
3792	0
3793	0
3794	0
3795	0
3796	1
3797	0
3798	1
3799	1
3800	0
3801	0
3802	1
3803	0
3804	1
3805	0
3806	0
3807	1
3808	1
3809	0
3810	0
3811	0
3812	0
3813	0
3814	0
3815	0
3816	1
3817	0
3818	1
3819	0
3820	1
3821	1
3822	0
3823	0
3824	0
3825	0
3826	1
3827	0
3828	0
3829	1
3830	1
3831	1
3832	0
3833	1
3834	1
3835	0
3836	1
3837	0
3838	0
3839	0
3840	1
3841	0
3842	0
3843	1
3844	2
3845	1
3846	1
3847	0
3848	0
3849	0
3850	0
3851	0
3852	1
3853	0
3854	2
3855	0
3856	0
3857	1
3858	1
3859	0
3860	1
3861	0
3862	0
3863	0
3864	1
3865	1
3866	0
3867	0
3868	0
3869	0
3870	0
3871	0
3872	0
3873	0
3874	0
3875	0
3876	0
3877	0
3878	0
3879	0
3880	0
3881	0
3882	0
3883	0
3884	0
3885	1
3886	1
3887	0
3888	0
3889	0
3890	0
3891	1
3892	0
3893	0
3894	2
3895	0
3896	1
3897	0
3898	0
3899	0
3900	1
3901	0
3902	0
3903	1
3904	0
3905	1
3906	0
3907	0
3908	0
3909	0
3910	0
3911	1
3912	0
3913	2
3914	0
3915	0
3916	0
3917	0
3918	0
3919	0
3920	0
3921	0
3922	1
3923	1
3924	0
3925	0
3926	0
3927	0
3928	0
3929	1
3930	1
3931	0
3932	0
3933	0
3934	0
3935	1
3936	0
3937	0
3938	0
3939	0
3940	0
3941	0
3942	0
3943	0
3944	1
3945	1
3946	1
3947	0
3948	0
3949	2
3950	0
3951	1
3952	0
3953	0
3954	0
3955	0
3956	0
3957	1
3958	0
3959	0
3960	0
3961	1
3962	1
3963	0
3964	0
3965	0
3966	0
3967	0
3968	0
3969	0
3970	1
3971	0
3972	0
3973	0
3974	0
3975	0
3976	0
3977	1
3978	0
3979	1
3980	0
3981	0
3982	0
3983	0
3984	1
3985	0
3986	0
3987	0
3988	0
3989	0
3990	0
3991	0
3992	0
3993	1
3994	0
3995	1
3996	1
3997	1
3998	0
3999	1
4000	0
