0	8	0
1	7	0
2	9	0
3	9	0
4	11	0
5	14	0
6	14	0
7	13	0
8	7	0
9	10	0
10	6	0
11	10	0
12	8	0
13	12	0
14	22	0
15	25	1
16	26	0
17	21	0
18	11	0
19	14	0
20	12	1
21	25	9
22	18	47
23	24	62
24	192	52
25	803	45
26	1454	58
27	1227	61
28	1408	68
29	1333	63
30	1317	68
31	1331	80
32	1053	78
33	909	75
34	921	80
35	737	74
36	687	66
37	756	85
38	561	56
39	497	66
40	529	101
41	471	73
42	501	91
43	439	101
44	349	81
45	400	103
46	378	88
47	409	122
48	385	101
49	360	133
50	372	133
51	330	114
52	373	133
53	430	155
54	353	139
55	354	127
56	442	142
57	382	123
58	415	142
59	372	138
60	375	131
61	429	130
62	428	113
63	366	111
64	446	114
65	399	135
66	432	97
67	353	118
68	373	93
69	429	133
70	357	94
71	400	91
72	445	123
73	406	87
74	469	135
75	433	105
76	390	106
77	434	116
78	458	122
79	393	115
80	494	134
81	419	134
82	493	149
83	393	94
84	449	110
85	521	176
86	399	116
87	541	161
88	477	128
89	464	140
90	565	150
91	477	130
92	494	146
93	560	135
94	502	149
95	652	187
96	549	138
97	551	161
98	565	172
99	553	144
100	542	144
101	672	174
102	541	170
103	546	181
104	639	184
105	602	169
106	669	222
107	625	202
108	560	193
109	611	219
110	669	241
111	592	230
112	600	239
113	555	207
114	588	239
115	498	196
116	496	211
117	590	286
118	489	221
119	500	239
120	470	245
121	466	236
122	509	301
123	459	253
124	453	211
125	403	291
126	373	263
127	323	253
128	446	289
129	378	309
130	382	293
131	306	271
132	285	264
133	382	325
134	259	268
135	293	322
136	279	306
137	245	277
138	328	327
139	280	324
140	248	301
141	277	292
142	278	319
143	280	296
144	295	297
145	257	287
146	278	310
147	227	291
148	302	342
149	297	361
150	259	292
151	292	342
152	265	278
153	270	290
154	278	376
155	234	290
156	290	326
157	266	311
158	280	337
159	329	354
160	273	324
161	256	313
162	293	370
163	234	319
164	254	321
165	332	402
166	275	273
167	250	304
168	315	365
169	255	287
170	305	373
171	260	347
172	227	271
173	308	324
174	297	334
175	303	355
176	248	306
177	265	326
178	247	347
179	249	289
180	278	330
181	277	355
182	234	306
183	275	335
184	265	365
185	241	297
186	281	358
187	249	315
188	276	307
189	305	384
190	274	333
191	293	355
192	244	311
193	253	327
194	277	325
195	225	300
196	248	297
197	302	362
198	243	286
199	294	320
200	252	296
201	264	261
202	279	311
203	253	309
204	251	284
205	276	323
206	282	317
207	265	270
208	289	288
209	256	315
210	311	343
211	222	287
212	277	315
213	340	348
214	239	291
215	296	318
216	288	261
217	245	257
218	305	336
219	261	291
220	287	306
221	272	309
222	276	312
223	348	368
224	273	288
225	253	297
226	291	334
227	279	271
228	263	262
229	323	304
230	276	258
231	293	244
232	273	299
233	260	269
234	306	309
235	329	305
236	247	253
237	305	273
238	309	294
239	308	279
240	294	262
241	289	288
242	273	264
243	266	257
244	307	258
245	318	319
246	270	229
247	306	312
248	294	274
249	271	256
250	310	295
251	276	296
252	283	253
253	302	307
254	299	238
255	270	206
256	327	346
257	281	243
258	282	257
259	299	251
260	244	227
261	303	297
262	226	247
263	290	226
264	271	274
265	241	233
266	311	278
267	281	230
268	253	217
269	293	275
270	328	236
271	260	199
272	316	218
273	260	249
274	304	253
275	268	238
276	291	261
277	298	243
278	272	198
279	265	241
280	298	240
281	238	225
282	306	245
283	295	245
284	309	216
285	305	236
286	330	223
287	335	236
288	315	222
289	278	228
290	278	227
291	298	234
292	269	190
293	303	260
294	279	208
295	263	207
296	309	260
297	253	173
298	335	252
299	306	247
300	291	210
301	316	230
302	294	240
303	295	224
304	270	200
305	282	204
306	318	233
307	260	207
308	300	194
309	342	230
310	282	179
311	320	205
312	309	205
313	263	198
314	332	239
315	245	223
316	302	200
317	276	223
318	329	225
319	251	168
320	340	222
321	290	181
322	324	199
323	278	199
324	257	184
325	346	243
326	305	171
327	322	191
328	332	194
329	298	218
330	333	213
331	284	190
332	302	201
333	306	184
334	320	203
335	261	176
336	329	185
337	311	194
338	311	208
339	293	170
340	338	206
341	337	203
342	281	178
343	321	205
344	297	179
345	290	162
346	344	197
347	278	159
348	331	186
349	305	176
350	359	171
351	375	243
352	293	160
353	287	172
354	287	213
355	293	168
356	270	163
357	347	200
358	271	174
359	271	167
360	367	192
361	290	150
362	343	187
363	316	197
364	303	156
365	299	186
366	316	204
367	305	172
368	315	170
369	340	181
370	308	166
371	252	147
372	287	145
373	355	167
374	266	151
375	263	178
376	299	178
377	309	176
378	307	193
379	312	136
380	313	162
381	323	174
382	307	165
383	358	181
384	263	129
385	305	133
386	298	155
387	313	177
388	262	140
389	342	164
390	276	168
391	314	150
392	281	154
393	252	143
394	333	176
395	276	142
396	280	141
397	292	155
398	304	162
399	299	150
400	308	145
401	271	154
402	313	185
403	234	148
404	283	159
405	304	181
406	256	147
407	315	194
408	271	130
409	298	123
410	346	163
411	261	138
412	277	155
413	336	157
414	327	155
415	343	138
416	323	138
417	302	144
418	309	146
419	293	137
420	277	132
421	318	154
422	289	140
423	273	106
424	336	152
425	264	119
426	359	145
427	292	138
428	281	146
429	301	129
430	330	151
431	326	156
432	279	105
433	315	113
434	302	120
435	267	106
436	324	119
437	329	134
438	296	122
439	327	118
440	333	110
441	309	96
442	340	153
443	282	108
444	249	119
445	332	130
446	301	130
447	319	111
448	304	109
449	312	107
450	296	112
451	289	105
452	283	113
453	342	136
454	257	110
455	306	109
456	310	130
457	303	102
458	301	98
459	298	118
460	266	97
461	298	116
462	299	112
463	285	123
464	320	105
465	288	103
466	325	131
467	238	95
468	336	108
469	314	130
470	316	102
471	338	103
472	265	104
473	296	105
474	336	105
475	265	90
476	274	100
477	283	127
478	308	102
479	380	126
480	254	82
481	302	102
482	319	93
483	304	107
484	302	84
485	291	134
486	262	76
487	295	78
488	307	106
489	286	90
490	345	83
491	305	110
492	275	97
493	315	114
494	310	92
495	278	102
496	262	86
497	291	93
498	335	100
499	276	83
500	301	109
501	330	116
502	268	94
503	312	91
504	283	81
505	284	68
506	329	91
507	301	90
508	280	80
509	318	79
510	291	91
511	236	86
512	431	118
513	320	95
514	309	90
515	299	101
516	298	75
517	347	100
518	285	68
519	327	80
520	282	79
521	277	82
522	358	99
523	337	86
524	297	91
525	333	92
526	320	90
527	338	81
528	344	77
529	312	103
530	359	82
531	302	70
532	335	72
533	388	69
534	326	79
535	354	85
536	311	76
537	326	62
538	342	87
539	299	72
540	345	79
541	361	80
542	367	84
543	395	93
544	374	85
545	338	78
546	345	80
547	282	76
548	319	82
549	361	101
550	329	68
551	341	72
552	356	82
553	283	64
554	362	84
555	338	90
556	270	63
557	315	79
558	351	69
559	347	95
560	323	77
561	342	85
562	334	82
563	268	62
564	323	74
565	350	90
566	288	68
567	315	74
568	334	81
569	294	65
570	356	84
571	291	54
572	331	69
573	288	75
574	315	83
575	315	76
576	340	79
577	280	75
578	300	76
579	260	69
580	273	77
581	306	70
582	259	57
583	287	74
584	277	65
585	254	67
586	268	82
587	240	65
588	262	62
589	293	64
590	285	92
591	219	70
592	275	80
593	251	70
594	265	73
595	223	51
596	255	49
597	282	78
598	257	81
599	271	61
600	259	60
601	226	71
602	241	66
603	232	57
604	235	60
605	281	64
606	244	68
607	305	95
608	220	64
609	249	52
610	245	71
611	233	68
612	187	55
613	260	53
614	208	50
615	230	61
616	237	68
617	205	57
618	217	66
619	241	60
620	209	72
621	238	56
622	256	58
623	217	67
624	238	63
625	174	44
626	242	58
627	204	44
628	235	46
629	238	60
630	191	53
631	251	52
632	226	70
633	216	58
634	228	64
635	191	54
636	209	58
637	207	47
638	237	56
639	161	32
640	236	61
641	183	61
642	220	49
643	193	44
644	201	41
645	207	53
646	203	59
647	198	49
648	204	47
649	202	47
650	219	66
651	215	50
652	201	42
653	198	44
654	228	50
655	227	42
656	209	61
657	199	50
658	204	53
659	159	48
660	187	63
661	190	48
662	187	43
663	212	45
664	185	56
665	195	33
666	207	54
667	187	55
668	233	52
669	203	47
670	214	41
671	207	46
672	220	50
673	186	43
674	199	48
675	178	50
676	166	38
677	214	34
678	172	42
679	172	41
680	181	50
681	170	55
682	219	41
683	176	31
684	198	34
685	203	57
686	205	45
687	183	44
688	166	45
689	203	46
690	212	50
691	157	39
692	171	35
693	198	52
694	179	34
695	187	37
696	217	46
697	180	34
698	188	34
699	167	37
700	204	32
701	147	32
702	167	41
703	213	44
704	146	44
705	165	46
706	190	38
707	159	45
708	159	39
709	197	53
710	150	33
711	134	45
712	193	41
713	159	41
714	191	42
715	172	42
716	175	43
717	161	34
718	176	39
719	144	33
720	163	43
721	165	24
722	171	37
723	136	27
724	174	33
725	168	41
726	154	29
727	162	41
728	167	32
729	115	32
730	199	42
731	164	35
732	160	32
733	185	57
734	184	37
735	204	46
736	162	41
737	137	39
738	145	35
739	160	37
740	147	39
741	166	46
742	122	38
743	163	29
744	163	29
745	142	33
746	181	38
747	162	30
748	114	37
749	156	31
750	178	38
751	177	33
752	143	22
753	148	28
754	181	34
755	142	27
756	157	28
757	149	30
758	137	43
759	158	29
760	165	35
761	162	25
762	184	30
763	159	36
764	164	28
765	159	46
766	145	29
767	183	37
768	139	30
769	165	42
770	140	34
771	135	36
772	152	26
773	164	39
774	112	38
775	147	35
776	150	22
777	146	20
778	176	41
779	178	36
780	151	24
781	139	33
782	135	31
783	149	22
784	163	35
785	147	24
786	142	39
787	127	32
788	144	26
789	146	36
790	160	40
791	129	33
792	156	36
793	155	26
794	150	44
795	141	22
796	143	35
797	134	32
798	152	42
799	172	26
800	173	30
801	142	39
802	146	29
803	129	41
804	120	30
805	153	29
806	152	25
807	146	24
808	172	33
809	153	17
810	152	27
811	124	35
812	138	23
813	154	20
814	142	28
815	142	39
816	146	21
817	124	18
818	146	25
819	144	21
820	141	26
821	171	34
822	145	30
823	168	31
824	154	34
825	128	22
826	139	26
827	136	21
828	146	27
829	166	25
830	138	27
831	140	38
832	144	38
833	152	29
834	143	24
835	143	29
836	140	19
837	157	32
838	157	30
839	149	30
840	151	27
841	124	29
842	170	31
843	158	31
844	125	21
845	142	28
846	154	46
847	146	39
848	148	32
849	164	25
850	157	25
851	144	34
852	160	26
853	150	20
854	141	29
855	159	18
856	144	29
857	124	26
858	155	41
859	147	31
860	134	26
861	159	27
862	158	31
863	176	38
864	143	25
865	129	26
866	143	30
867	129	17
868	141	17
869	172	20
870	143	36
871	147	25
872	155	23
873	126	35
874	171	38
875	141	26
876	132	20
877	144	17
878	151	18
879	152	29
880	149	17
881	157	27
882	150	19
883	132	21
884	155	23
885	152	27
886	117	24
887	144	20
888	123	15
889	166	20
890	177	20
891	145	20
892	143	24
893	184	23
894	142	24
895	144	29
896	140	25
897	146	29
898	163	17
899	130	20
900	152	29
901	187	27
902	147	23
903	162	30
904	148	20
905	144	16
906	148	23
907	157	23
908	138	35
909	146	27
910	163	23
911	166	16
912	160	26
913	148	22
914	175	24
915	135	20
916	169	24
917	175	26
918	139	22
919	172	24
920	169	23
921	161	24
922	177	34
923	163	17
924	171	30
925	176	32
926	167	23
927	199	26
928	176	14
929	167	24
930	177	21
931	155	18
932	171	29
933	207	24
934	163	24
935	167	22
936	188	23
937	178	18
938	171	26
939	179	20
940	168	32
941	179	17
942	191	26
943	203	16
944	147	12
945	165	23
946	196	24
947	181	18
948	162	23
949	211	18
950	184	19
951	188	15
952	196	29
953	177	25
954	216	33
955	210	24
956	198	20
957	231	17
958	164	24
959	217	38
960	191	24
961	207	24
962	186	15
963	188	17
964	185	22
965	221	24
966	207	15
967	204	33
968	229	23
969	193	24
970	241	26
971	231	28
972	177	17
973	229	23
974	247	33
975	239	21
976	231	20
977	246	24
978	244	27
979	202	18
980	238	18
981	226	30
982	228	19
983	218	20
984	221	17
985	234	24
986	288	21
987	239	17
988	282	19
989	266	21
990	269	28
991	288	30
992	221	17
993	260	27
994	290	27
995	238	24
996	269	14
997	295	21
998	248	24
999	242	17
1000	292	24
1001	219	28
1002	273	20
1003	251	30
1004	237	24
1005	268	20
1006	243	21
1007	276	28
1008	234	18
1009	262	16
1010	267	22
1011	211	29
1012	257	21
1013	323	19
1014	249	18
1015	303	22
1016	249	24
1017	286	23
1018	283	24
1019	263	20
1020	273	20
1021	261	22
1022	247	20
1023	118	6
1024	368	27
1025	258	23
1026	288	22
1027	242	27
1028	249	13
1029	268	25
1030	258	22
1031	279	27
1032	249	18
1033	235	24
1034	254	31
1035	261	29
1036	237	24
1037	286	20
1038	259	21
1039	252	15
1040	268	24
1041	240	27
1042	264	20
1043	225	22
1044	255	14
1045	259	30
1046	238	17
1047	253	22
1048	246	16
1049	225	26
1050	284	12
1051	226	23
1052	231	26
1053	250	25
1054	238	18
1055	270	20
1056	257	27
1057	211	26
1058	241	20
1059	213	15
1060	227	19
1061	267	28
1062	223	20
1063	239	24
1064	209	16
1065	205	18
1066	224	17
1067	196	23
1068	192	13
1069	257	20
1070	219	28
1071	209	23
1072	176	13
1073	184	26
1074	214	21
1075	190	21
1076	200	30
1077	219	26
1078	176	23
1079	197	20
1080	204	12
1081	184	23
1082	221	25
1083	203	20
1084	168	15
1085	211	24
1086	177	24
1087	179	23
1088	188	21
1089	209	27
1090	211	24
1091	158	18
1092	165	21
1093	193	26
1094	164	26
1095	195	16
1096	179	11
1097	170	18
1098	185	18
1099	183	17
1100	147	15
1101	168	13
1102	196	15
1103	180	18
1104	179	17
1105	185	15
1106	172	20
1107	158	21
1108	159	25
1109	181	21
1110	177	21
1111	175	20
1112	150	15
1113	142	17
1114	185	16
1115	162	23
1116	160	20
1117	179	20
1118	162	22
1119	200	24
1120	152	21
1121	185	22
1122	166	20
1123	167	22
1124	149	24
1125	154	22
1126	168	22
1127	165	15
1128	159	11
1129	164	15
1130	161	24
1131	166	21
1132	156	17
1133	154	17
1134	182	30
1135	155	22
1136	162	9
1137	151	19
1138	181	12
1139	149	22
1140	149	26
1141	189	17
1142	140	16
1143	136	18
1144	148	15
1145	147	23
1146	189	26
1147	169	24
1148	136	13
1149	170	13
1150	141	22
1151	157	12
1152	151	13
1153	162	16
1154	199	22
1155	156	12
1156	138	17
1157	168	17
1158	127	15
1159	158	18
1160	142	19
1161	158	13
1162	177	24
1163	173	19
1164	152	16
1165	156	21
1166	185	14
1167	157	12
1168	144	19
1169	152	16
1170	145	14
1171	137	12
1172	156	14
1173	174	18
1174	144	20
1175	153	12
1176	134	17
1177	145	18
1178	151	19
1179	139	13
1180	156	16
1181	163	19
1182	145	8
1183	154	19
1184	126	24
1185	158	14
1186	151	21
1187	151	11
1188	167	13
1189	153	8
1190	150	10
1191	136	14
1192	140	21
1193	128	10
1194	174	16
1195	160	13
1196	150	11
1197	155	17
1198	155	20
1199	161	18
1200	113	14
1201	158	13
1202	148	19
1203	132	15
1204	142	13
1205	172	20
1206	125	10
1207	149	15
1208	150	18
1209	160	8
1210	158	16
1211	153	9
1212	156	14
1213	143	12
1214	173	16
1215	159	22
1216	132	14
1217	143	12
1218	139	9
1219	141	10
1220	144	14
1221	177	15
1222	154	11
1223	163	14
1224	148	18
1225	122	12
1226	170	16
1227	136	7
1228	122	12
1229	145	13
1230	144	17
1231	142	10
1232	156	11
1233	157	9
1234	160	17
1235	140	14
1236	144	17
1237	174	14
1238	128	12
1239	141	15
1240	134	9
1241	157	9
1242	155	12
1243	156	8
1244	150	11
1245	144	8
1246	153	10
1247	156	23
1248	149	12
1249	158	16
1250	157	9
1251	122	11
1252	125	11
1253	159	15
1254	119	14
1255	162	8
1256	158	9
1257	129	13
1258	151	15
1259	141	17
1260	154	14
1261	172	16
1262	162	14
1263	154	11
1264	127	10
1265	154	13
1266	167	11
1267	127	9
1268	150	17
1269	170	16
1270	169	13
1271	170	7
1272	155	11
1273	144	16
1274	157	10
1275	150	13
1276	137	15
1277	139	15
1278	154	5
1279	133	11
1280	177	11
1281	159	21
1282	156	15
1283	141	15
1284	133	13
1285	164	21
1286	160	12
1287	183	12
1288	159	13
1289	137	12
1290	150	7
1291	161	13
1292	137	6
1293	122	16
1294	169	6
1295	138	16
1296	143	18
1297	132	15
1298	165	13
1299	137	11
1300	148	11
1301	154	9
1302	148	10
1303	156	8
1304	154	14
1305	135	12
1306	176	12
1307	139	11
1308	154	9
1309	145	11
1310	160	13
1311	168	15
1312	156	12
1313	161	10
1314	163	11
1315	147	14
1316	119	10
1317	155	12
1318	166	11
1319	153	16
1320	143	14
1321	139	12
1322	185	11
1323	138	8
1324	162	6
1325	153	11
1326	171	14
1327	155	12
1328	150	17
1329	164	11
1330	161	12
1331	149	9
1332	171	12
1333	174	11
1334	153	12
1335	140	11
1336	138	4
1337	183	14
1338	172	8
1339	156	11
1340	144	14
1341	132	11
1342	160	12
1343	153	7
1344	176	14
1345	147	11
1346	168	14
1347	164	16
1348	143	6
1349	179	16
1350	174	9
1351	138	12
1352	150	13
1353	142	12
1354	166	12
1355	156	12
1356	148	8
1357	132	7
1358	175	11
1359	132	8
1360	186	14
1361	136	9
1362	172	13
1363	130	9
1364	158	9
1365	163	12
1366	141	10
1367	154	13
1368	155	17
1369	139	12
1370	168	13
1371	150	15
1372	146	12
1373	157	14
1374	187	8
1375	182	8
1376	133	11
1377	134	8
1378	165	7
1379	135	13
1380	153	11
1381	171	8
1382	155	10
1383	157	9
1384	147	8
1385	137	10
1386	183	11
1387	183	10
1388	126	13
1389	149	5
1390	158	11
1391	158	10
1392	169	20
1393	153	6
1394	176	11
1395	163	10
1396	158	8
1397	156	12
1398	133	8
1399	128	5
1400	140	9
1401	157	9
1402	174	11
1403	126	8
1404	144	11
1405	157	8
1406	137	8
1407	158	13
1408	137	6
1409	147	16
1410	148	5
1411	126	9
1412	128	5
1413	162	17
1414	126	5
1415	137	14
1416	171	14
1417	126	12
1418	173	11
1419	162	10
1420	152	6
1421	145	10
1422	116	9
1423	132	8
1424	151	11
1425	139	14
1426	142	8
1427	122	13
1428	130	11
1429	175	4
1430	136	5
1431	158	14
1432	130	12
1433	142	9
1434	150	10
1435	122	9
1436	137	14
1437	146	11
1438	157	10
1439	141	6
1440	132	6
1441	128	14
1442	131	16
1443	118	10
1444	133	9
1445	155	9
1446	115	5
1447	113	6
1448	158	13
1449	135	10
1450	164	6
1451	115	7
1452	137	7
1453	135	6
1454	128	11
1455	112	6
1456	134	14
1457	129	10
1458	122	17
1459	119	7
1460	121	7
1461	127	8
1462	121	6
1463	137	6
1464	138	8
1465	128	11
1466	120	13
1467	135	9
1468	126	10
1469	125	10
1470	120	16
1471	123	6
1472	117	5
1473	134	7
1474	115	11
1475	106	6
1476	118	10
1477	134	5
1478	119	13
1479	126	5
1480	119	6
1481	114	14
1482	122	9
1483	128	6
1484	110	8
1485	115	10
1486	138	9
1487	136	12
1488	133	9
1489	121	6
1490	140	8
1491	127	15
1492	118	16
1493	147	14
1494	117	12
1495	111	9
1496	113	9
1497	133	9
1498	122	14
1499	96	8
1500	111	16
1501	100	12
1502	117	16
1503	144	11
1504	112	5
1505	126	8
1506	130	3
1507	122	11
1508	136	8
1509	136	10
1510	133	6
1511	115	13
1512	108	14
1513	117	8
1514	128	15
1515	98	13
1516	119	7
1517	130	10
1518	147	6
1519	124	13
1520	117	11
1521	111	8
1522	152	7
1523	119	10
1524	96	18
1525	126	10
1526	108	11
1527	115	8
1528	114	11
1529	109	9
1530	121	9
1531	126	15
1532	109	11
1533	122	7
1534	106	9
1535	100	13
1536	127	14
1537	113	10
1538	122	8
1539	120	8
1540	105	4
1541	141	9
1542	96	4
1543	116	8
1544	105	8
1545	101	11
1546	122	14
1547	111	3
1548	136	14
1549	98	8
1550	112	10
1551	119	9
1552	146	6
1553	120	9
1554	114	9
1555	106	5
1556	114	12
1557	110	9
1558	121	9
1559	92	12
1560	128	10
1561	117	7
1562	137	12
1563	115	6
1564	100	7
1565	111	7
1566	99	11
1567	125	15
1568	142	10
1569	111	4
1570	115	9
1571	111	11
1572	111	9
1573	108	13
1574	108	11
1575	108	13
1576	140	9
1577	116	6
1578	116	8
1579	107	11
1580	123	8
1581	111	10
1582	126	11
1583	136	6
1584	114	5
1585	97	6
1586	130	14
1587	117	4
1588	112	6
1589	130	6
1590	122	10
1591	123	11
1592	131	10
1593	119	6
1594	121	7
1595	106	6
1596	122	10
1597	99	12
1598	108	7
1599	120	7
1600	120	8
1601	96	4
1602	106	12
1603	112	3
1604	92	6
1605	125	11
1606	117	11
1607	116	7
1608	120	7
1609	117	9
1610	109	7
1611	101	2
1612	107	7
1613	97	12
1614	115	8
1615	121	3
1616	124	12
1617	116	4
1618	107	7
1619	107	4
1620	104	8
1621	122	8
1622	119	6
1623	125	4
1624	122	8
1625	108	10
1626	120	5
1627	105	2
1628	121	8
1629	118	4
1630	135	8
1631	141	6
1632	106	5
1633	120	8
1634	115	17
1635	86	7
1636	104	5
1637	134	12
1638	108	4
1639	110	8
1640	104	5
1641	106	1
1642	117	3
1643	98	6
1644	140	8
1645	129	9
1646	107	5
1647	123	9
1648	113	6
1649	124	4
1650	125	8
1651	122	9
1652	113	7
1653	121	7
1654	114	7
1655	130	9
1656	112	10
1657	123	4
1658	105	9
1659	105	3
1660	117	8
1661	105	6
1662	120	6
1663	97	9
1664	114	6
1665	131	5
1666	134	8
1667	112	4
1668	94	8
1669	133	12
1670	124	4
1671	108	7
1672	136	7
1673	101	7
1674	120	3
1675	137	6
1676	134	7
1677	135	6
1678	135	9
1679	108	7
1680	127	7
1681	123	8
1682	126	11
1683	135	7
1684	133	10
1685	137	6
1686	109	6
1687	150	6
1688	147	5
1689	110	9
1690	136	7
1691	114	5
1692	135	5
1693	156	8
1694	165	7
1695	140	8
1696	142	5
1697	133	13
1698	159	7
1699	142	6
1700	127	5
1701	135	9
1702	111	7
1703	144	8
1704	164	8
1705	130	6
1706	159	7
1707	112	5
1708	147	6
1709	161	6
1710	177	5
1711	174	7
1712	141	4
1713	161	6
1714	170	6
1715	155	4
1716	149	6
1717	176	12
1718	148	5
1719	148	7
1720	174	12
1721	159	8
1722	157	4
1723	182	3
1724	155	3
1725	173	6
1726	161	9
1727	183	6
1728	151	4
1729	158	7
1730	160	4
1731	165	4
1732	168	5
1733	194	8
1734	161	6
1735	168	3
1736	187	4
1737	174	6
1738	178	7
1739	173	5
1740	161	8
1741	168	9
1742	181	5
1743	152	3
1744	187	4
1745	156	9
1746	199	7
1747	152	5
1748	198	6
1749	183	6
1750	179	7
1751	197	4
1752	150	4
1753	174	9
1754	169	7
1755	161	8
1756	182	10
1757	194	6
1758	180	8
1759	222	5
1760	148	9
1761	176	6
1762	194	5
1763	169	3
1764	180	6
1765	202	11
1766	170	9
1767	163	6
1768	190	6
1769	159	4
1770	209	8
1771	183	7
1772	179	10
1773	182	4
1774	180	10
1775	188	10
1776	148	5
1777	190	4
1778	167	5
1779	139	6
1780	150	13
1781	197	10
1782	161	9
1783	153	7
1784	141	4
1785	166	6
1786	176	6
1787	158	6
1788	162	8
1789	185	5
1790	184	5
1791	181	7
1792	169	18
1793	184	15
1794	154	9
1795	148	5
1796	133	10
1797	156	11
1798	147	9
1799	160	5
1800	138	4
1801	123	12
1802	169	12
1803	148	7
1804	138	9
1805	143	6
1806	162	8
1807	139	5
1808	143	7
1809	140	5
1810	131	7
1811	148	6
1812	134	6
1813	147	6
1814	153	3
1815	135	9
1816	146	13
1817	122	6
1818	136	6
1819	113	8
1820	130	4
1821	140	5
1822	132	7
1823	135	6
1824	166	7
1825	105	8
1826	143	4
1827	112	10
1828	117	8
1829	160	5
1830	120	3
1831	128	2
1832	122	8
1833	130	5
1834	129	6
1835	114	7
1836	118	3
1837	117	6
1838	122	6
1839	114	4
1840	101	6
1841	100	8
1842	135	6
1843	105	8
1844	127	8
1845	125	7
1846	84	9
1847	104	8
1848	110	2
1849	113	9
1850	122	8
1851	98	2
1852	104	8
1853	129	7
1854	108	6
1855	109	5
1856	105	5
1857	116	4
1858	116	10
1859	91	5
1860	92	9
1861	118	3
1862	114	4
1863	89	6
1864	111	6
1865	89	8
1866	102	2
1867	92	3
1868	100	6
1869	97	6
1870	96	8
1871	78	8
1872	90	6
1873	89	4
1874	115	5
1875	98	7
1876	111	10
1877	99	5
1878	98	2
1879	87	8
1880	103	4
1881	96	6
1882	103	8
1883	90	7
1884	95	5
1885	93	8
1886	111	8
1887	109	8
1888	94	6
1889	94	6
1890	103	8
1891	108	5
1892	118	5
1893	115	7
1894	88	8
1895	103	6
1896	81	3
1897	116	3
1898	101	7
1899	116	3
1900	110	8
1901	114	9
1902	103	3
1903	115	8
1904	106	5
1905	106	3
1906	121	8
1907	73	11
1908	72	6
1909	116	8
1910	91	5
1911	148	2
1912	115	5
1913	112	7
1914	127	8
1915	99	3
1916	113	7
1917	111	5
1918	94	6
1919	133	5
1920	116	6
1921	101	5
1922	112	12
1923	118	4
1924	102	3
1925	123	4
1926	124	5
1927	109	6
1928	104	2
1929	89	10
1930	155	11
1931	115	4
1932	101	6
1933	116	8
1934	132	8
1935	122	2
1936	129	1
1937	100	6
1938	130	8
1939	128	3
1940	142	5
1941	153	3
1942	104	6
1943	123	2
1944	127	6
1945	124	11
1946	138	7
1947	126	3
1948	133	7
1949	142	8
1950	127	7
1951	136	11
1952	132	7
1953	137	7
1954	143	7
1955	117	7
1956	109	2
1957	150	6
1958	128	3
1959	123	5
1960	126	7
1961	115	4
1962	133	7
1963	129	9
1964	131	2
1965	136	4
1966	155	4
1967	146	7
1968	119	8
1969	153	4
1970	130	4
1971	135	7
1972	128	7
1973	124	3
1974	120	3
1975	135	2
1976	114	4
1977	153	12
1978	140	3
1979	152	4
1980	132	6
1981	159	3
1982	157	3
1983	166	3
1984	154	4
1985	136	9
1986	158	1
1987	118	2
1988	148	3
1989	145	4
1990	119	3
1991	122	4
1992	160	5
1993	127	6
1994	163	6
1995	145	3
1996	117	1
1997	149	2
1998	141	3
1999	124	8
2000	113	1
2001	118	2
2002	154	3
2003	125	4
2004	137	5
2005	169	6
2006	129	3
2007	143	3
2008	151	4
2009	131	5
2010	141	7
2011	123	2
2012	137	4
2013	125	6
2014	122	4
2015	161	5
2016	134	6
2017	142	6
2018	138	5
2019	111	4
2020	124	1
2021	121	3
2022	141	0
2023	107	5
2024	119	6
2025	120	6
2026	129	5
2027	129	7
2028	90	4
2029	124	5
2030	118	5
2031	132	8
2032	119	2
2033	110	6
2034	130	5
2035	109	7
2036	116	4
2037	117	8
2038	107	5
2039	109	6
2040	124	3
2041	111	4
2042	119	6
2043	110	2
2044	102	4
2045	132	5
2046	118	3
2047	135	1
2048	79	3
2049	89	7
2050	107	8
2051	111	2
2052	106	4
2053	106	3
2054	96	4
2055	104	3
2056	91	4
2057	90	0
2058	110	4
2059	94	5
2060	85	3
2061	82	6
2062	99	8
2063	85	2
2064	87	2
2065	97	3
2066	90	6
2067	79	3
2068	77	6
2069	100	4
2070	86	6
2071	75	6
2072	96	5
2073	78	4
2074	81	7
2075	77	5
2076	73	4
2077	72	5
2078	66	3
2079	84	5
2080	87	3
2081	64	2
2082	83	7
2083	63	2
2084	76	5
2085	64	5
2086	78	2
2087	64	9
2088	68	3
2089	77	6
2090	71	3
2091	83	3
2092	72	7
2093	70	5
2094	69	4
2095	67	5
2096	66	3
2097	60	9
2098	56	4
2099	69	8
2100	48	4
2101	65	3
2102	60	7
2103	57	2
2104	59	4
2105	56	2
2106	60	1
2107	56	7
2108	66	2
2109	61	3
2110	58	3
2111	51	3
2112	63	11
2113	55	4
2114	61	5
2115	53	1
2116	41	3
2117	56	4
2118	65	5
2119	51	8
2120	52	2
2121	49	3
2122	60	3
2123	52	4
2124	49	7
2125	57	5
2126	62	2
2127	50	8
2128	56	4
2129	62	3
2130	56	5
2131	43	3
2132	62	5
2133	54	2
2134	46	7
2135	34	5
2136	53	4
2137	50	4
2138	53	2
2139	44	5
2140	52	1
2141	49	3
2142	46	3
2143	60	1
2144	34	1
2145	36	3
2146	43	3
2147	45	2
2148	30	0
2149	63	5
2150	57	2
2151	44	6
2152	58	7
2153	49	5
2154	45	8
2155	54	8
2156	38	4
2157	47	2
2158	39	6
2159	34	0
2160	45	1
2161	42	5
2162	52	1
2163	38	5
2164	46	2
2165	38	6
2166	43	3
2167	48	5
2168	31	5
2169	34	6
2170	37	3
2171	50	5
2172	45	2
2173	42	5
2174	51	3
2175	36	8
2176	52	4
2177	39	4
2178	56	4
2179	38	3
2180	45	5
2181	51	3
2182	40	9
2183	43	3
2184	37	2
2185	30	6
2186	43	6
2187	36	9
2188	40	5
2189	54	2
2190	39	6
2191	40	4
2192	45	4
2193	37	5
2194	33	4
2195	25	5
2196	38	2
2197	44	5
2198	37	3
2199	29	3
2200	30	6
2201	37	6
2202	33	2
2203	42	5
2204	28	5
2205	44	4
2206	42	5
2207	37	6
2208	42	5
2209	28	6
2210	37	6
2211	31	3
2212	33	7
2213	36	2
2214	37	5
2215	30	7
2216	42	2
2217	43	0
2218	32	2
2219	30	9
2220	39	1
2221	27	8
2222	35	2
2223	36	1
2224	31	6
2225	38	6
2226	21	2
2227	35	4
2228	36	12
2229	38	7
2230	23	6
2231	40	5
2232	30	3
2233	39	5
2234	39	5
2235	29	5
2236	34	1
2237	35	5
2238	36	3
2239	31	6
2240	21	3
2241	33	5
2242	36	6
2243	29	4
2244	33	1
2245	27	4
2246	32	4
2247	25	2
2248	29	7
2249	30	5
2250	36	2
2251	35	5
2252	33	5
2253	28	6
2254	24	6
2255	28	4
2256	29	8
2257	40	5
2258	33	2
2259	25	9
2260	28	3
2261	28	7
2262	34	5
2263	38	7
2264	29	8
2265	34	5
2266	30	5
2267	32	5
2268	29	6
2269	32	9
2270	26	10
2271	34	5
2272	35	5
2273	28	7
2274	28	2
2275	22	3
2276	24	7
2277	28	8
2278	39	6
2279	25	4
2280	24	6
2281	15	4
2282	40	5
2283	19	5
2284	32	3
2285	28	7
2286	25	5
2287	27	2
2288	26	4
2289	39	4
2290	30	6
2291	25	4
2292	29	6
2293	37	6
2294	15	6
2295	38	1
2296	31	2
2297	28	3
2298	28	6
2299	32	5
2300	28	2
2301	26	7
2302	21	9
2303	33	5
2304	30	3
2305	16	8
2306	29	3
2307	18	3
2308	31	4
2309	34	1
2310	33	6
2311	26	4
2312	31	7
2313	21	8
2314	27	3
2315	23	6
2316	23	4
2317	22	3
2318	29	2
2319	19	7
2320	28	7
2321	22	4
2322	24	3
2323	22	2
2324	16	2
2325	27	5
2326	21	7
2327	25	7
2328	13	5
2329	14	4
2330	27	5
2331	21	5
2332	21	6
2333	28	7
2334	21	3
2335	23	2
2336	18	4
2337	24	4
2338	28	5
2339	31	12
2340	18	3
2341	20	3
2342	22	3
2343	14	6
2344	29	4
2345	16	4
2346	16	1
2347	28	3
2348	10	6
2349	41	3
2350	22	4
2351	25	4
2352	24	6
2353	22	3
2354	35	4
2355	29	5
2356	27	4
2357	26	5
2358	28	1
2359	16	3
2360	23	2
2361	23	4
2362	20	5
2363	30	4
2364	24	3
2365	39	7
2366	25	4
2367	28	3
2368	21	3
2369	20	3
2370	31	3
2371	17	0
2372	17	3
2373	28	9
2374	19	6
2375	17	2
2376	20	5
2377	19	4
2378	26	4
2379	19	7
2380	27	3
2381	26	4
2382	25	3
2383	24	6
2384	21	6
2385	22	1
2386	19	2
2387	18	5
2388	29	4
2389	21	6
2390	22	3
2391	22	6
2392	23	4
2393	19	5
2394	29	3
2395	17	2
2396	19	4
2397	20	4
2398	26	2
2399	28	2
2400	18	3
2401	26	3
2402	19	2
2403	28	1
2404	21	5
2405	30	3
2406	18	4
2407	19	0
2408	30	3
2409	22	2
2410	16	4
2411	17	5
2412	28	6
2413	29	2
2414	23	4
2415	18	2
2416	27	3
2417	18	7
2418	28	3
2419	29	2
2420	13	1
2421	19	4
2422	23	3
2423	24	1
2424	18	2
2425	23	5
2426	20	6
2427	21	1
2428	18	5
2429	17	5
2430	16	1
2431	15	3
2432	14	2
2433	21	1
2434	21	1
2435	20	2
2436	17	4
2437	30	1
2438	21	4
2439	22	2
2440	16	5
2441	17	1
2442	21	1
2443	11	3
2444	22	1
2445	11	6
2446	17	5
2447	14	2
2448	19	3
2449	15	3
2450	20	5
2451	20	1
2452	16	4
2453	17	6
2454	23	2
2455	17	0
2456	19	3
2457	13	3
2458	16	5
2459	25	4
2460	20	3
2461	23	2
2462	18	2
2463	25	1
2464	17	3
2465	17	2
2466	20	4
2467	18	1
2468	20	2
2469	15	8
2470	20	0
2471	19	5
2472	28	6
2473	14	3
2474	20	1
2475	14	1
2476	24	2
2477	16	3
2478	25	2
2479	22	1
2480	23	2
2481	20	6
2482	22	4
2483	14	3
2484	22	2
2485	15	2
2486	11	0
2487	22	4
2488	13	2
2489	18	1
2490	20	3
2491	24	0
2492	15	0
2493	12	7
2494	15	0
2495	16	1
2496	17	1
2497	13	2
2498	17	5
2499	18	1
2500	19	2
2501	26	4
2502	14	3
2503	11	1
2504	23	1
2505	15	0
2506	13	1
2507	18	1
2508	17	2
2509	17	4
2510	24	4
2511	17	1
2512	14	2
2513	16	4
2514	10	0
2515	18	5
2516	16	3
2517	13	5
2518	19	2
2519	26	1
2520	15	3
2521	23	2
2522	19	3
2523	14	2
2524	31	5
2525	21	3
2526	16	2
2527	21	3
2528	18	1
2529	14	2
2530	17	3
2531	14	1
2532	9	2
2533	10	2
2534	15	3
2535	7	2
2536	14	4
2537	12	3
2538	15	5
2539	21	1
2540	10	5
2541	18	5
2542	16	2
2543	20	1
2544	14	1
2545	12	2
2546	21	1
2547	24	2
2548	19	2
2549	30	1
2550	16	6
2551	17	1
2552	20	5
2553	25	3
2554	17	2
2555	17	2
2556	8	1
2557	20	3
2558	18	4
2559	22	4
2560	14	2
2561	14	3
2562	19	1
2563	15	1
2564	10	1
2565	16	2
2566	12	2
2567	18	5
2568	14	2
2569	13	2
2570	21	1
2571	20	2
2572	15	3
2573	15	2
2574	20	3
2575	16	3
2576	20	2
2577	10	4
2578	20	3
2579	16	0
2580	16	3
2581	13	6
2582	24	4
2583	16	1
2584	12	3
2585	13	4
2586	17	0
2587	10	1
2588	12	3
2589	17	3
2590	12	2
2591	20	2
2592	16	2
2593	14	0
2594	22	5
2595	10	3
2596	16	1
2597	19	2
2598	13	1
2599	14	3
2600	13	3
2601	15	2
2602	18	1
2603	10	3
2604	14	0
2605	18	1
2606	17	4
2607	18	0
2608	12	1
2609	16	0
2610	11	3
2611	11	2
2612	10	2
2613	10	3
2614	9	3
2615	13	1
2616	15	1
2617	10	2
2618	14	1
2619	16	1
2620	15	2
2621	21	3
2622	12	2
2623	12	1
2624	14	2
2625	12	1
2626	18	2
2627	21	3
2628	14	1
2629	18	3
2630	19	5
2631	10	0
2632	18	1
2633	11	2
2634	23	1
2635	18	2
2636	15	0
2637	15	1
2638	13	2
2639	12	3
2640	13	1
2641	10	4
2642	17	4
2643	16	3
2644	11	1
2645	25	4
2646	11	7
2647	16	3
2648	15	4
2649	21	1
2650	10	4
2651	14	0
2652	12	2
2653	17	2
2654	17	1
2655	23	3
2656	14	2
2657	12	2
2658	10	2
2659	20	3
2660	14	1
2661	18	1
2662	14	0
2663	14	2
2664	11	1
2665	10	1
2666	16	3
2667	8	1
2668	11	1
2669	14	0
2670	9	1
2671	13	0
2672	15	1
2673	13	1
2674	8	2
2675	12	2
2676	12	2
2677	9	3
2678	10	0
2679	9	1
2680	13	2
2681	11	5
2682	11	0
2683	20	2
2684	12	0
2685	7	2
2686	15	3
2687	9	0
2688	12	2
2689	18	0
2690	12	6
2691	15	2
2692	11	5
2693	12	2
2694	13	4
2695	12	3
2696	14	0
2697	14	1
2698	14	0
2699	13	0
2700	13	3
2701	12	3
2702	13	0
2703	15	2
2704	13	2
2705	11	2
2706	20	1
2707	12	2
2708	16	1
2709	17	1
2710	8	1
2711	16	0
2712	12	0
2713	11	1
2714	9	3
2715	11	1
2716	15	1
2717	10	5
2718	14	1
2719	11	1
2720	13	1
2721	13	2
2722	13	0
2723	17	1
2724	19	3
2725	12	0
2726	10	4
2727	9	1
2728	7	3
2729	14	0
2730	13	3
2731	8	1
2732	15	2
2733	14	1
2734	7	3
2735	12	2
2736	9	1
2737	10	1
2738	12	5
2739	6	2
2740	13	1
2741	11	1
2742	12	1
2743	9	1
2744	14	4
2745	12	1
2746	8	2
2747	7	0
2748	11	1
2749	12	0
2750	8	2
2751	15	3
2752	15	4
2753	11	2
2754	15	2
2755	8	2
2756	9	0
2757	9	4
2758	10	1
2759	9	2
2760	12	1
2761	7	3
2762	15	1
2763	14	1
2764	17	3
2765	9	1
2766	12	2
2767	10	0
2768	12	1
2769	4	1
2770	13	3
2771	16	1
2772	9	2
2773	10	4
2774	13	1
2775	12	3
2776	8	1
2777	11	0
2778	14	2
2779	15	0
2780	7	0
2781	12	3
2782	10	1
2783	17	2
2784	17	1
2785	14	2
2786	14	0
2787	13	2
2788	11	2
2789	13	0
2790	12	1
2791	9	2
2792	7	2
2793	11	0
2794	5	1
2795	15	1
2796	13	0
2797	14	2
2798	10	1
2799	12	0
2800	12	0
2801	11	1
2802	13	6
2803	14	4
2804	15	0
2805	14	2
2806	15	1
2807	11	2
2808	8	1
2809	6	1
2810	9	1
2811	14	0
2812	9	0
2813	13	1
2814	8	0
2815	11	2
2816	16	2
2817	14	2
2818	13	0
2819	7	2
2820	8	0
2821	12	1
2822	14	0
2823	8	2
2824	12	1
2825	7	2
2826	7	1
2827	11	2
2828	8	2
2829	10	1
2830	12	4
2831	8	2
2832	10	2
2833	12	1
2834	15	0
2835	10	2
2836	5	1
2837	14	0
2838	21	0
2839	10	1
2840	16	1
2841	9	3
2842	18	1
2843	6	1
2844	10	0
2845	6	0
2846	10	0
2847	9	0
2848	10	4
2849	5	3
2850	8	3
2851	6	1
2852	13	3
2853	12	1
2854	2	0
2855	15	0
2856	9	1
2857	9	0
2858	11	0
2859	8	0
2860	7	2
2861	11	1
2862	11	0
2863	8	1
2864	11	0
2865	11	1
2866	15	1
2867	11	1
2868	7	1
2869	17	2
2870	14	0
2871	10	2
2872	12	1
2873	5	3
2874	6	1
2875	10	1
2876	15	0
2877	8	1
2878	13	1
2879	8	0
2880	16	0
2881	10	2
2882	12	0
2883	13	1
2884	7	1
2885	9	1
2886	9	0
2887	5	0
2888	12	3
2889	9	1
2890	15	0
2891	7	1
2892	7	1
2893	9	1
2894	14	0
2895	13	1
2896	10	2
2897	13	1
2898	6	0
2899	10	1
2900	14	0
2901	9	1
2902	9	1
2903	12	0
2904	10	1
2905	3	0
2906	8	2
2907	5	0
2908	11	0
2909	5	1
2910	8	0
2911	4	0
2912	9	2
2913	6	2
2914	3	1
2915	5	1
2916	13	3
2917	6	2
2918	11	2
2919	8	0
2920	8	1
2921	13	0
2922	10	1
2923	4	0
2924	9	1
2925	10	1
2926	6	2
2927	9	1
2928	10	1
2929	5	1
2930	14	1
2931	4	0
2932	8	1
2933	6	1
2934	8	0
2935	9	0
2936	8	1
2937	10	0
2938	8	3
2939	12	1
2940	12	0
2941	11	2
2942	12	3
2943	3	0
2944	7	2
2945	3	0
2946	11	0
2947	6	0
2948	12	0
2949	9	1
2950	13	0
2951	4	2
2952	12	2
2953	12	3
2954	9	3
2955	14	0
2956	7	1
2957	5	0
2958	6	0
2959	8	1
2960	8	2
2961	11	1
2962	7	0
2963	5	1
2964	6	1
2965	9	0
2966	9	0
2967	13	0
2968	7	0
2969	9	0
2970	14	3
2971	8	3
2972	12	1
2973	10	0
2974	11	3
2975	10	2
2976	10	2
2977	10	3
2978	8	3
2979	4	2
2980	5	0
2981	15	0
2982	9	0
2983	8	1
2984	7	0
2985	5	2
2986	11	2
2987	6	1
2988	8	0
2989	7	3
2990	6	3
2991	8	0
2992	6	1
2993	5	1
2994	11	0
2995	11	2
2996	6	0
2997	8	2
2998	4	0
2999	7	2
3000	8	0
3001	5	3
3002	8	0
3003	6	1
3004	5	0
3005	13	1
3006	8	0
3007	11	0
3008	2	1
3009	10	0
3010	9	0
3011	7	2
3012	9	2
3013	7	4
3014	9	0
3015	8	1
3016	12	2
3017	7	2
3018	11	1
3019	10	1
3020	5	2
3021	3	2
3022	15	1
3023	7	0
3024	12	2
3025	8	0
3026	10	0
3027	9	1
3028	9	0
3029	6	2
3030	9	0
3031	8	4
3032	8	0
3033	5	1
3034	11	1
3035	5	2
3036	6	0
3037	6	1
3038	13	0
3039	7	1
3040	10	0
3041	2	1
3042	9	2
3043	5	0
3044	7	0
3045	6	1
3046	14	0
3047	7	1
3048	7	1
3049	5	1
3050	6	0
3051	10	2
3052	9	1
3053	8	1
3054	8	0
3055	10	1
3056	8	0
3057	6	2
3058	8	0
3059	2	1
3060	7	0
3061	5	0
3062	6	3
3063	8	1
3064	7	1
3065	8	2
3066	9	1
3067	8	1
3068	6	1
3069	5	3
3070	7	2
3071	7	2
3072	9	2
3073	9	2
3074	11	0
3075	7	1
3076	7	2
3077	11	1
3078	12	1
3079	8	2
3080	9	2
3081	6	1
3082	9	1
3083	9	1
3084	6	1
3085	10	2
3086	10	0
3087	7	0
3088	10	4
3089	9	1
3090	12	1
3091	4	4
3092	9	1
3093	6	2
3094	9	3
3095	7	1
3096	7	1
3097	5	0
3098	8	0
3099	4	1
3100	4	0
3101	7	2
3102	6	2
3103	10	1
3104	10	1
3105	16	0
3106	8	0
3107	6	0
3108	11	0
3109	1	0
3110	7	1
3111	9	1
3112	6	1
3113	9	2
3114	5	1
3115	2	0
3116	8	1
3117	5	0
3118	7	2
3119	8	1
3120	1	2
3121	4	2
3122	8	3
3123	7	0
3124	6	0
3125	10	3
3126	11	1
3127	4	2
3128	9	1
3129	11	1
3130	5	1
3131	12	0
3132	8	1
3133	7	2
3134	10	0
3135	8	1
3136	8	0
3137	10	2
3138	13	0
3139	6	1
3140	8	0
3141	6	0
3142	3	1
3143	7	1
3144	8	0
3145	7	1
3146	5	1
3147	5	0
3148	9	1
3149	4	1
3150	7	0
3151	10	0
3152	6	1
3153	4	1
3154	9	1
3155	7	2
3156	4	1
3157	10	0
3158	6	0
3159	2	1
3160	9	2
3161	9	0
3162	5	1
3163	6	0
3164	4	1
3165	4	1
3166	1	0
3167	14	1
3168	9	1
3169	5	0
3170	3	2
3171	5	0
3172	12	1
3173	8	4
3174	8	2
3175	13	1
3176	4	1
3177	13	2
3178	7	2
3179	9	2
3180	7	1
3181	4	2
3182	8	1
3183	5	0
3184	6	2
3185	7	1
3186	3	2
3187	9	1
3188	10	0
3189	6	0
3190	4	1
3191	8	0
3192	4	0
3193	2	1
3194	12	1
3195	6	1
3196	5	3
3197	6	1
3198	2	0
3199	3	1
3200	9	2
3201	5	1
3202	6	1
3203	5	0
3204	8	0
3205	9	2
3206	3	0
3207	7	2
3208	5	2
3209	6	1
3210	9	4
3211	8	0
3212	5	2
3213	3	2
3214	10	1
3215	11	1
3216	7	2
3217	7	5
3218	6	0
3219	3	1
3220	10	0
3221	1	0
3222	5	2
3223	5	0
3224	7	0
3225	4	2
3226	9	1
3227	3	2
3228	3	1
3229	7	0
3230	6	2
3231	8	1
3232	5	0
3233	5	0
3234	8	1
3235	10	0
3236	5	1
3237	6	1
3238	8	0
3239	7	0
3240	7	0
3241	3	1
3242	6	1
3243	4	1
3244	6	1
3245	6	0
3246	10	0
3247	6	0
3248	2	1
3249	4	1
3250	4	0
3251	7	0
3252	7	1
3253	4	1
3254	7	0
3255	5	0
3256	6	0
3257	5	0
3258	5	3
3259	6	0
3260	3	1
3261	2	2
3262	6	1
3263	5	1
3264	7	2
3265	6	1
3266	6	1
3267	7	0
3268	8	0
3269	1	0
3270	10	1
3271	4	2
3272	6	0
3273	5	0
3274	10	1
3275	7	1
3276	6	0
3277	6	0
3278	4	0
3279	6	0
3280	5	2
3281	8	3
3282	4	2
3283	4	1
3284	7	0
3285	6	3
3286	5	1
3287	8	0
3288	5	1
3289	6	1
3290	3	2
3291	3	1
3292	5	0
3293	5	1
3294	8	1
3295	5	0
3296	10	1
3297	3	1
3298	6	1
3299	6	0
3300	9	3
3301	4	0
3302	5	1
3303	5	0
3304	4	1
3305	3	0
3306	7	1
3307	4	1
3308	3	1
3309	7	0
3310	2	2
3311	6	0
3312	8	1
3313	9	1
3314	6	2
3315	5	1
3316	7	1
3317	7	0
3318	8	0
3319	2	3
3320	3	0
3321	5	1
3322	3	0
3323	6	0
3324	3	1
3325	3	1
3326	6	1
3327	8	1
3328	4	1
3329	7	1
3330	4	2
3331	4	2
3332	4	1
3333	6	1
3334	3	0
3335	6	3
3336	7	0
3337	4	1
3338	4	0
3339	3	1
3340	4	0
3341	7	3
3342	1	1
3343	3	1
3344	8	0
3345	8	1
3346	4	2
3347	4	1
3348	3	2
3349	6	0
3350	4	0
3351	5	0
3352	4	0
3353	7	5
3354	6	3
3355	4	0
3356	4	2
3357	7	0
3358	4	1
3359	5	2
3360	4	0
3361	3	1
3362	1	1
3363	4	1
3364	3	0
3365	6	0
3366	4	1
3367	4	3
3368	3	0
3369	3	3
3370	5	1
3371	2	1
3372	3	3
3373	6	2
3374	8	0
3375	3	2
3376	7	1
3377	5	1
3378	9	2
3379	4	2
3380	3	0
3381	3	2
3382	5	0
3383	6	0
3384	3	0
3385	1	1
3386	5	2
3387	3	1
3388	4	1
3389	4	0
3390	5	1
3391	3	0
3392	5	0
3393	4	1
3394	1	1
3395	4	0
3396	3	2
3397	5	0
3398	5	1
3399	7	0
3400	5	0
3401	1	1
3402	7	3
3403	5	0
3404	4	1
3405	5	0
3406	7	0
3407	4	1
3408	6	2
3409	2	1
3410	2	0
3411	6	1
3412	2	2
3413	3	1
3414	4	0
3415	7	1
3416	5	2
3417	3	1
3418	5	2
3419	2	4
3420	4	3
3421	5	1
3422	4	0
3423	4	0
3424	2	0
3425	3	1
3426	3	1
3427	6	0
3428	4	1
3429	5	3
3430	5	0
3431	2	0
3432	3	0
3433	1	0
3434	7	0
3435	2	0
3436	1	0
3437	6	0
3438	1	1
3439	4	1
3440	3	0
3441	6	0
3442	3	2
3443	8	2
3444	2	0
3445	4	0
3446	4	2
3447	5	0
3448	3	1
3449	3	0
3450	5	0
3451	5	3
3452	2	0
3453	5	0
3454	4	0
3455	3	0
3456	4	1
3457	6	0
3458	4	2
3459	4	0
3460	3	0
3461	6	1
3462	3	0
3463	3	0
3464	6	2
3465	6	0
3466	2	2
3467	2	0
3468	3	0
3469	3	0
3470	2	0
3471	1	0
3472	2	1
3473	6	0
3474	4	1
3475	4	1
3476	4	1
3477	5	0
3478	1	1
3479	3	1
3480	2	1
3481	6	2
3482	3	0
3483	4	2
3484	5	0
3485	4	0
3486	4	1
3487	6	0
3488	0	1
3489	3	0
3490	5	1
3491	6	2
3492	4	1
3493	1	0
3494	4	0
3495	4	1
3496	4	0
3497	4	1
3498	3	0
3499	0	0
3500	1	1
3501	4	2
3502	7	0
3503	0	0
3504	4	3
3505	4	0
3506	6	1
3507	2	3
3508	5	0
3509	3	0
3510	7	1
3511	3	0
3512	2	1
3513	3	0
3514	2	1
3515	6	0
3516	7	0
3517	5	1
3518	3	0
3519	5	1
3520	3	0
3521	2	0
3522	1	0
3523	0	1
3524	5	2
3525	3	0
3526	5	0
3527	0	1
3528	1	2
3529	5	0
3530	5	3
3531	6	1
3532	2	1
3533	4	0
3534	1	0
3535	3	0
3536	2	0
3537	8	2
3538	0	1
3539	4	0
3540	1	0
3541	6	0
3542	5	1
3543	1	0
3544	2	1
3545	2	1
3546	5	1
3547	3	1
3548	3	3
3549	4	0
3550	4	1
3551	4	1
3552	1	0
3553	3	0
3554	2	0
3555	3	3
3556	3	0
3557	1	1
3558	2	0
3559	3	0
3560	3	1
3561	5	0
3562	7	1
3563	1	0
3564	9	1
3565	1	0
3566	4	0
3567	1	0
3568	3	1
3569	1	0
3570	0	0
3571	4	0
3572	3	2
3573	3	2
3574	3	0
3575	2	0
3576	3	0
3577	1	1
3578	3	0
3579	3	1
3580	2	0
3581	4	0
3582	0	0
3583	5	1
3584	4	2
3585	2	0
3586	2	0
3587	6	1
3588	3	3
3589	3	0
3590	3	1
3591	4	1
3592	2	0
3593	2	2
3594	4	0
3595	0	0
3596	6	0
3597	6	0
3598	2	0
3599	4	0
3600	7	0
3601	5	1
3602	2	1
3603	4	1
3604	1	2
3605	4	0
3606	2	2
3607	5	0
3608	2	2
3609	3	0
3610	7	0
3611	2	1
3612	5	0
3613	4	0
3614	3	1
3615	3	0
3616	3	0
3617	5	0
3618	2	1
3619	6	0
3620	1	1
3621	5	0
3622	8	0
3623	2	0
3624	3	0
3625	3	0
3626	5	0
3627	3	0
3628	4	0
3629	5	0
3630	2	0
3631	6	0
3632	3	0
3633	3	1
3634	4	1
3635	7	1
3636	4	0
3637	9	0
3638	5	0
3639	5	1
3640	2	0
3641	6	1
3642	2	0
3643	2	1
3644	5	0
3645	5	2
3646	3	0
3647	6	1
3648	1	1
3649	1	1
3650	4	4
3651	5	0
3652	5	1
3653	2	0
3654	8	0
3655	4	0
3656	6	0
3657	2	1
3658	3	0
3659	5	1
3660	3	0
3661	4	2
3662	2	0
3663	3	1
3664	5	1
3665	2	3
3666	4	0
3667	5	0
3668	1	0
3669	3	2
3670	5	0
3671	4	0
3672	9	0
3673	3	0
3674	3	0
3675	2	0
3676	0	0
3677	2	0
3678	1	0
3679	4	0
3680	2	0
3681	0	0
3682	2	0
3683	3	0
3684	3	0
3685	1	0
3686	2	0
3687	3	0
3688	3	0
3689	4	0
3690	3	0
3691	4	0
3692	2	1
3693	3	0
3694	6	1
3695	0	0
3696	2	0
3697	2	0
3698	4	0
3699	2	1
3700	1	2
3701	5	2
3702	3	2
3703	5	0
3704	3	0
3705	2	2
3706	3	0
3707	3	2
3708	2	0
3709	1	0
3710	6	1
3711	2	0
3712	2	0
3713	6	0
3714	4	1
3715	2	1
3716	1	1
3717	4	1
3718	2	1
3719	3	2
3720	2	2
3721	4	1
3722	3	2
3723	2	0
3724	1	2
3725	7	1
3726	2	4
3727	4	2
3728	1	0
3729	0	0
3730	1	0
3731	1	2
3732	4	0
3733	2	0
3734	1	1
3735	3	1
3736	1	0
3737	0	0
3738	6	1
3739	2	0
3740	5	1
3741	5	0
3742	2	0
3743	3	2
3744	1	1
3745	2	0
3746	3	0
3747	3	0
3748	0	1
3749	6	0
3750	2	1
3751	4	0
3752	2	1
3753	5	0
3754	3	0
3755	1	0
3756	0	0
3757	5	1
3758	2	1
3759	4	1
3760	2	1
3761	6	0
3762	0	1
3763	3	0
3764	5	0
3765	1	0
3766	2	0
3767	4	0
3768	4	0
3769	2	0
3770	2	0
3771	2	0
3772	2	1
3773	1	1
3774	5	0
3775	4	0
3776	4	0
3777	0	0
3778	6	1
3779	4	1
3780	2	0
3781	4	0
3782	2	0
3783	1	0
3784	1	0
3785	2	0
3786	0	1
3787	4	1
3788	8	0
3789	3	1
3790	2	0
3791	0	0
3792	2	0
3793	4	0
3794	1	0
3795	3	0
3796	1	1
3797	2	0
3798	1	1
3799	3	1
3800	4	0
3801	1	0
3802	3	1
3803	5	0
3804	3	1
3805	3	0
3806	1	0
3807	3	1
3808	0	1
3809	2	0
3810	4	0
3811	0	0
3812	1	0
3813	2	0
3814	1	0
3815	1	0
3816	0	1
3817	2	0
3818	4	1
3819	3	0
3820	4	1
3821	0	1
3822	3	0
3823	0	0
3824	1	0
3825	1	0
3826	1	1
3827	2	0
3828	5	0
3829	3	1
3830	1	1
3831	2	1
3832	3	0
3833	3	1
3834	1	1
3835	2	0
3836	0	1
3837	2	0
3838	2	0
3839	2	0
3840	0	1
3841	1	0
3842	3	0
3843	1	1
3844	1	2
3845	4	1
3846	1	1
3847	1	0
3848	1	0
3849	2	0
3850	0	0
3851	1	0
3852	2	1
3853	2	0
3854	3	2
3855	1	0
3856	4	0
3857	2	1
3858	2	1
3859	1	0
3860	0	1
3861	2	0
3862	2	0
3863	2	0
3864	2	1
3865	1	1
3866	1	0
3867	0	0
3868	0	0
3869	1	0
3870	1	0
3871	2	0
3872	3	0
3873	0	0
3874	1	0
3875	1	0
3876	1	0
3877	1	0
3878	3	0
3879	3	0
3880	3	0
3881	1	0
3882	0	0
3883	1	0
3884	1	0
3885	2	1
3886	3	1
3887	4	0
3888	1	0
3889	1	0
3890	0	0
3891	2	1
3892	0	0
3893	1	0
3894	2	2
3895	2	0
3896	0	1
3897	2	0
3898	1	0
3899	2	0
3900	0	1
3901	3	0
3902	2	0
3903	2	1
3904	2	0
3905	3	1
3906	1	0
3907	1	0
3908	1	0
3909	3	0
3910	4	0
3911	1	1
3912	4	0
3913	0	2
3914	1	0
3915	1	0
3916	2	0
3917	2	0
3918	1	0
3919	2	0
3920	4	0
3921	1	0
3922	3	1
3923	1	1
3924	2	0
3925	0	0
3926	1	0
3927	3	0
3928	2	0
3929	3	1
3930	2	1
3931	1	0
3932	2	0
3933	1	0
3934	5	0
3935	4	1
3936	1	0
3937	0	0
3938	1	0
3939	2	0
3940	1	0
3941	1	0
3942	0	0
3943	2	0
3944	2	1
3945	4	1
3946	1	1
3947	0	0
3948	0	0
3949	0	2
3950	0	0
3951	1	1
3952	1	0
3953	2	0
3954	1	0
3955	2	0
3956	2	0
3957	0	1
3958	2	0
3959	1	0
3960	1	0
3961	0	1
3962	0	1
3963	0	0
3964	1	0
3965	2	0
3966	2	0
3967	1	0
3968	3	0
3969	0	0
3970	0	1
3971	2	0
3972	0	0
3973	0	0
3974	4	0
3975	0	0
3976	2	0
3977	1	1
3978	1	0
3979	2	1
3980	1	0
3981	2	0
3982	0	0
3983	2	0
3984	1	1
3985	1	0
3986	0	0
3987	2	0
3988	2	0
3989	1	0
3990	0	0
3991	2	0
3992	0	0
3993	0	1
3994	3	0
3995	1	1
3996	1	1
3997	2	1
3998	3	0
3999	2	1
4000	1	0
