0	3	0
1	1	0
2	0	0
3	0	0
4	3	0
5	0	0
6	0	0
7	3	0
8	1	0
9	4	0
10	7	0
11	1	0
12	1	0
13	3	0
14	7	0
15	2	1
16	3	0
17	3	0
18	3	0
19	4	0
20	2	1
21	4	9
22	4	47
23	69	62
24	149	52
25	184	45
26	229	58
27	197	61
28	218	68
29	233	63
30	235	68
31	248	80
32	225	78
33	221	75
34	246	80
35	206	74
36	211	66
37	275	85
38	220	56
39	224	66
40	252	101
41	222	73
42	270	91
43	250	101
44	213	81
45	230	103
46	212	88
47	269	122
48	200	101
49	215	133
50	239	133
51	192	114
52	218	133
53	242	155
54	213	139
55	211	127
56	231	142
57	230	123
58	241	142
59	230	138
60	246	131
61	241	130
62	251	113
63	207	111
64	235	114
65	256	135
66	249	97
67	240	118
68	231	93
69	243	133
70	215	94
71	238	91
72	259	123
73	178	87
74	311	135
75	221	105
76	184	106
77	243	116
78	237	122
79	227	115
80	260	134
81	243	134
82	238	149
83	202	94
84	226	110
85	258	176
86	253	116
87	280	161
88	239	128
89	191	140
90	251	150
91	211	130
92	261	146
93	239	135
94	254	149
95	343	187
96	260	138
97	275	161
98	281	172
99	271	144
100	264	144
101	347	174
102	242	170
103	307	181
104	334	184
105	268	169
106	331	222
107	330	202
108	286	193
109	330	219
110	325	241
111	321	230
112	374	239
113	318	207
114	398	239
115	314	196
116	297	211
117	400	286
118	355	221
119	396	239
120	383	245
121	321	236
122	412	301
123	356	253
124	326	211
125	343	291
126	359	263
127	297	253
128	377	289
129	315	309
130	320	293
131	292	271
132	308	264
133	332	325
134	281	268
135	320	322
136	336	306
137	301	277
138	326	327
139	328	324
140	275	301
141	283	292
142	247	319
143	255	296
144	293	297
145	265	287
146	257	310
147	224	291
148	259	342
149	283	361
150	216	292
151	241	342
152	237	278
153	232	290
154	266	376
155	199	290
156	277	326
157	234	311
158	234	337
159	282	354
160	246	324
161	233	313
162	252	370
163	232	319
164	222	321
165	274	402
166	229	273
167	217	304
168	266	365
169	194	287
170	268	373
171	213	347
172	224	271
173	235	324
174	245	334
175	241	355
176	236	306
177	227	326
178	249	347
179	199	289
180	213	330
181	249	355
182	190	306
183	212	335
184	199	365
185	241	297
186	252	358
187	230	315
188	213	307
189	225	384
190	232	333
191	271	355
192	226	311
193	229	327
194	251	325
195	215	300
196	212	297
197	269	362
198	221	286
199	232	320
200	245	296
201	197	261
202	266	311
203	215	309
204	219	284
205	255	323
206	242	317
207	210	270
208	257	288
209	215	315
210	235	343
211	232	287
212	236	315
213	275	348
214	221	291
215	216	318
216	210	261
217	229	257
218	288	336
219	206	291
220	231	306
221	241	309
222	194	312
223	298	368
224	230	288
225	218	297
226	279	334
227	222	271
228	212	262
229	265	304
230	212	258
231	219	244
232	253	299
233	236	269
234	262	309
235	240	305
236	187	253
237	235	273
238	237	294
239	249	279
240	223	262
241	233	288
242	236	264
243	240	257
244	227	258
245	264	319
246	234	229
247	254	312
248	230	274
249	267	256
250	260	295
251	204	296
252	241	253
253	277	307
254	238	238
255	220	206
256	292	346
257	233	243
258	265	257
259	226	251
260	223	227
261	251	297
262	224	247
263	244	226
264	225	274
265	228	233
266	233	278
267	236	230
268	201	217
269	229	275
270	230	236
271	234	199
272	233	218
273	241	249
274	249	253
275	195	238
276	244	261
277	262	243
278	212	198
279	260	241
280	231	240
281	222	225
282	250	245
283	225	245
284	225	216
285	259	236
286	261	223
287	289	236
288	260	222
289	241	228
290	226	227
291	217	234
292	228	190
293	267	260
294	237	208
295	236	207
296	232	260
297	191	173
298	268	252
299	196	247
300	239	210
301	243	230
302	230	240
303	242	224
304	216	200
305	231	204
306	241	233
307	204	207
308	224	194
309	273	230
310	208	179
311	255	205
312	252	205
313	253	198
314	289	239
315	231	223
316	237	200
317	244	223
318	247	225
319	256	168
320	251	222
321	237	181
322	272	199
323	220	199
324	218	184
325	274	243
326	215	171
327	231	191
328	278	194
329	227	218
330	269	213
331	255	190
332	234	201
333	234	184
334	234	203
335	238	176
336	263	185
337	214	194
338	282	208
339	196	170
340	253	206
341	252	203
342	227	178
343	281	205
344	260	179
345	237	162
346	303	197
347	244	159
348	256	186
349	251	176
350	246	171
351	310	243
352	226	160
353	251	172
354	244	213
355	222	168
356	226	163
357	251	200
358	191	174
359	227	167
360	268	192
361	232	150
362	284	187
363	232	197
364	211	156
365	220	186
366	242	204
367	260	172
368	264	170
369	211	181
370	261	166
371	240	147
372	234	145
373	276	167
374	221	151
375	231	178
376	265	178
377	245	176
378	277	193
379	232	136
380	241	162
381	265	174
382	253	165
383	267	181
384	221	129
385	251	133
386	255	155
387	223	177
388	237	140
389	255	164
390	228	168
391	253	150
392	225	154
393	220	143
394	274	176
395	238	142
396	207	141
397	244	155
398	226	162
399	233	150
400	274	145
401	241	154
402	261	185
403	210	148
404	226	159
405	280	181
406	270	147
407	259	194
408	216	130
409	260	123
410	288	163
411	185	138
412	231	155
413	257	157
414	237	155
415	302	138
416	276	138
417	262	144
418	245	146
419	218	137
420	236	132
421	295	154
422	231	140
423	231	106
424	280	152
425	217	119
426	263	145
427	239	138
428	259	146
429	289	129
430	257	151
431	270	156
432	228	105
433	238	113
434	269	120
435	240	106
436	266	119
437	297	134
438	230	122
439	241	118
440	226	110
441	254	96
442	296	153
443	237	108
444	285	119
445	279	130
446	272	130
447	306	111
448	213	109
449	239	107
450	265	112
451	195	105
452	245	113
453	253	136
454	225	110
455	309	109
456	274	130
457	211	102
458	270	98
459	251	118
460	232	97
461	245	116
462	262	112
463	244	123
464	240	105
465	282	103
466	280	131
467	204	95
468	261	108
469	270	130
470	243	102
471	279	103
472	275	104
473	240	105
474	338	105
475	279	90
476	268	100
477	270	127
478	277	102
479	355	126
480	230	82
481	258	102
482	283	93
483	268	107
484	250	84
485	287	134
486	255	76
487	252	78
488	253	106
489	252	90
490	289	83
491	256	110
492	217	97
493	252	114
494	287	92
495	270	102
496	258	86
497	260	93
498	303	100
499	284	83
500	295	109
501	320	116
502	263	94
503	270	91
504	259	81
505	240	68
506	307	91
507	278	90
508	242	80
509	300	79
510	272	91
511	195	86
512	366	118
513	262	95
514	280	90
515	253	101
516	265	75
517	315	100
518	287	68
519	281	80
520	288	79
521	252	82
522	294	99
523	298	86
524	263	91
525	275	92
526	306	90
527	274	81
528	275	77
529	258	103
530	314	82
531	242	70
532	251	72
533	316	69
534	276	79
535	306	85
536	264	76
537	291	62
538	329	87
539	264	72
540	287	79
541	284	80
542	305	84
543	328	93
544	318	85
545	279	78
546	299	80
547	280	76
548	303	82
549	314	101
550	280	68
551	273	72
552	296	82
553	262	64
554	310	84
555	296	90
556	272	63
557	274	79
558	328	69
559	357	95
560	265	77
561	277	85
562	278	82
563	274	62
564	273	74
565	340	90
566	272	68
567	281	74
568	304	81
569	276	65
570	339	84
571	256	54
572	296	69
573	315	75
574	289	83
575	285	76
576	347	79
577	279	75
578	311	76
579	262	69
580	257	77
581	346	70
582	276	57
583	256	74
584	292	65
585	263	67
586	335	82
587	291	65
588	256	62
589	275	64
590	257	92
591	246	70
592	323	80
593	279	70
594	307	73
595	242	51
596	307	49
597	289	78
598	284	81
599	294	61
600	302	60
601	251	71
602	300	66
603	253	57
604	261	60
605	256	64
606	224	68
607	337	95
608	253	64
609	275	52
610	269	71
611	222	68
612	246	55
613	292	53
614	251	50
615	222	61
616	251	68
617	229	57
618	255	66
619	242	60
620	228	72
621	268	56
622	296	58
623	264	67
624	234	63
625	246	44
626	235	58
627	217	44
628	206	46
629	271	60
630	240	53
631	251	52
632	246	70
633	218	58
634	252	64
635	223	54
636	251	58
637	234	47
638	240	56
639	248	32
640	276	61
641	240	61
642	261	49
643	231	44
644	228	41
645	276	53
646	212	59
647	239	49
648	239	47
649	233	47
650	263	66
651	232	50
652	191	42
653	263	44
654	225	50
655	230	42
656	237	61
657	204	50
658	249	53
659	195	48
660	234	63
661	256	48
662	243	43
663	221	45
664	206	56
665	206	33
666	256	54
667	211	55
668	219	52
669	209	47
670	261	41
671	222	46
672	237	50
673	224	43
674	239	48
675	223	50
676	233	38
677	226	34
678	216	42
679	188	41
680	244	50
681	229	55
682	254	41
683	245	31
684	185	34
685	232	57
686	222	45
687	226	44
688	226	45
689	201	46
690	233	50
691	203	39
692	200	35
693	233	52
694	224	34
695	221	37
696	192	46
697	201	34
698	244	34
699	198	37
700	203	32
701	221	32
702	230	41
703	234	44
704	203	44
705	206	46
706	204	38
707	199	45
708	190	39
709	246	53
710	188	33
711	206	45
712	207	41
713	200	41
714	205	42
715	236	42
716	191	43
717	220	34
718	217	39
719	196	33
720	218	43
721	197	24
722	202	37
723	193	27
724	202	33
725	215	41
726	197	29
727	203	41
728	187	32
729	174	32
730	240	42
731	207	35
732	197	32
733	206	57
734	227	37
735	250	46
736	185	41
737	181	39
738	204	35
739	213	37
740	193	39
741	218	46
742	200	38
743	195	29
744	206	29
745	194	33
746	228	38
747	206	30
748	189	37
749	205	31
750	206	38
751	189	33
752	190	22
753	163	28
754	201	34
755	154	27
756	192	28
757	171	30
758	192	43
759	191	29
760	176	35
761	167	25
762	187	30
763	177	36
764	191	28
765	192	46
766	197	29
767	194	37
768	160	30
769	194	42
770	192	34
771	196	36
772	190	26
773	208	39
774	188	38
775	175	35
776	188	22
777	205	20
778	196	41
779	176	36
780	181	24
781	191	33
782	167	31
783	169	22
784	168	35
785	195	24
786	197	39
787	166	32
788	181	26
789	194	36
790	166	40
791	190	33
792	172	36
793	175	26
794	170	44
795	180	22
796	186	35
797	169	32
798	191	42
799	236	26
800	181	30
801	173	39
802	197	29
803	167	41
804	175	30
805	177	29
806	171	25
807	163	24
808	169	33
809	168	17
810	191	27
811	154	35
812	172	23
813	177	20
814	178	28
815	180	39
816	167	21
817	160	18
818	191	25
819	146	21
820	166	26
821	163	34
822	143	30
823	168	31
824	155	34
825	175	22
826	209	26
827	173	21
828	172	27
829	185	25
830	181	27
831	181	38
832	160	38
833	176	29
834	192	24
835	166	29
836	157	19
837	190	32
838	159	30
839	171	30
840	172	27
841	170	29
842	169	31
843	174	31
844	175	21
845	173	28
846	173	46
847	150	39
848	183	32
849	160	25
850	182	25
851	161	34
852	178	26
853	196	20
854	155	29
855	195	18
856	196	29
857	158	26
858	152	41
859	159	31
860	162	26
861	183	27
862	184	31
863	187	38
864	136	25
865	151	26
866	181	30
867	143	17
868	176	17
869	176	20
870	151	36
871	175	25
872	178	23
873	152	35
874	158	38
875	184	26
876	156	20
877	174	17
878	180	18
879	153	29
880	184	17
881	155	27
882	173	19
883	154	21
884	169	23
885	190	27
886	170	24
887	173	20
888	166	15
889	170	20
890	183	20
891	170	20
892	144	24
893	184	23
894	163	24
895	163	29
896	141	25
897	180	29
898	189	17
899	155	20
900	162	29
901	170	27
902	176	23
903	159	30
904	150	20
905	131	16
906	199	23
907	150	23
908	150	35
909	154	27
910	203	23
911	180	16
912	146	26
913	176	22
914	183	24
915	138	20
916	184	24
917	170	26
918	191	22
919	181	24
920	144	23
921	163	24
922	194	34
923	151	17
924	166	30
925	165	32
926	187	23
927	189	26
928	174	14
929	152	24
930	181	21
931	160	18
932	158	29
933	194	24
934	150	24
935	181	22
936	199	23
937	174	18
938	173	26
939	192	20
940	176	32
941	184	17
942	197	26
943	193	16
944	174	12
945	179	23
946	178	24
947	153	18
948	177	23
949	197	18
950	182	19
951	191	15
952	196	29
953	177	25
954	178	33
955	178	24
956	190	20
957	191	17
958	205	24
959	220	38
960	182	24
961	216	24
962	185	15
963	214	17
964	190	22
965	203	24
966	181	15
967	205	33
968	176	23
969	167	24
970	243	26
971	237	28
972	198	17
973	223	23
974	222	33
975	227	21
976	210	20
977	220	24
978	263	27
979	195	18
980	220	18
981	235	30
982	250	19
983	247	20
984	205	17
985	232	24
986	231	21
987	217	17
988	261	19
989	253	21
990	266	28
991	325	30
992	208	17
993	255	27
994	268	27
995	240	24
996	234	14
997	286	21
998	271	24
999	247	17
1000	266	24
1001	252	28
1002	309	20
1003	278	30
1004	256	24
1005	257	20
1006	308	21
1007	307	28
1008	280	18
1009	277	16
1010	305	22
1011	244	29
1012	262	21
1013	342	19
1014	295	18
1015	300	22
1016	284	24
1017	279	23
1018	322	24
1019	280	20
1020	283	20
1021	307	22
1022	291	20
1023	124	6
1024	435	27
1025	284	23
1026	293	22
1027	270	27
1028	281	13
1029	313	25
1030	266	22
1031	279	27
1032	299	18
1033	281	24
1034	304	31
1035	323	29
1036	262	24
1037	309	20
1038	314	21
1039	297	15
1040	275	24
1041	283	27
1042	268	20
1043	295	22
1044	285	14
1045	308	30
1046	289	17
1047	334	22
1048	263	16
1049	278	26
1050	314	12
1051	286	23
1052	312	26
1053	309	25
1054	299	18
1055	304	20
1056	265	27
1057	255	26
1058	303	20
1059	270	15
1060	267	19
1061	311	28
1062	267	20
1063	231	24
1064	286	16
1065	236	18
1066	300	17
1067	264	23
1068	253	13
1069	238	20
1070	252	28
1071	256	23
1072	248	13
1073	258	26
1074	272	21
1075	216	21
1076	252	30
1077	234	26
1078	240	23
1079	245	20
1080	232	12
1081	216	23
1082	255	25
1083	255	20
1084	230	15
1085	237	24
1086	270	24
1087	206	23
1088	245	21
1089	238	27
1090	238	24
1091	210	18
1092	220	21
1093	236	26
1094	228	26
1095	194	16
1096	211	11
1097	193	18
1098	227	18
1099	201	17
1100	182	15
1101	199	13
1102	227	15
1103	180	18
1104	214	17
1105	202	15
1106	189	20
1107	194	21
1108	190	25
1109	195	21
1110	200	21
1111	188	20
1112	164	15
1113	212	17
1114	213	16
1115	171	23
1116	188	20
1117	206	20
1118	214	22
1119	230	24
1120	166	21
1121	204	22
1122	218	20
1123	179	22
1124	171	24
1125	188	22
1126	177	22
1127	183	15
1128	174	11
1129	163	15
1130	204	24
1131	159	21
1132	143	17
1133	166	17
1134	204	30
1135	177	22
1136	173	9
1137	156	19
1138	180	12
1139	179	22
1140	198	26
1141	216	17
1142	158	16
1143	161	18
1144	156	15
1145	161	23
1146	200	26
1147	163	24
1148	146	13
1149	189	13
1150	173	22
1151	140	12
1152	192	13
1153	166	16
1154	186	22
1155	155	12
1156	140	17
1157	188	17
1158	156	15
1159	186	18
1160	152	19
1161	155	13
1162	151	24
1163	163	19
1164	156	16
1165	151	21
1166	181	14
1167	165	12
1168	171	19
1169	174	16
1170	168	14
1171	153	12
1172	174	14
1173	175	18
1174	187	20
1175	161	12
1176	165	17
1177	161	18
1178	168	19
1179	151	13
1180	140	16
1181	178	19
1182	157	8
1183	194	19
1184	179	24
1185	170	14
1186	169	21
1187	138	11
1188	152	13
1189	190	8
1190	151	10
1191	137	14
1192	169	21
1193	169	10
1194	166	16
1195	152	13
1196	158	11
1197	158	17
1198	168	20
1199	161	18
1200	142	14
1201	158	13
1202	167	19
1203	149	15
1204	155	13
1205	168	20
1206	157	10
1207	160	15
1208	163	18
1209	164	8
1210	182	16
1211	155	9
1212	158	14
1213	169	12
1214	173	16
1215	175	22
1216	135	14
1217	166	12
1218	142	9
1219	149	10
1220	143	14
1221	180	15
1222	159	11
1223	163	14
1224	151	18
1225	133	12
1226	178	16
1227	180	7
1228	160	12
1229	165	13
1230	175	17
1231	173	10
1232	167	11
1233	150	9
1234	160	17
1235	154	14
1236	161	17
1237	158	14
1238	161	12
1239	183	15
1240	142	9
1241	166	9
1242	178	12
1243	137	8
1244	141	11
1245	180	8
1246	164	10
1247	178	23
1248	158	12
1249	132	16
1250	179	9
1251	164	11
1252	152	11
1253	172	15
1254	152	14
1255	174	8
1256	146	9
1257	139	13
1258	167	15
1259	159	17
1260	165	14
1261	164	16
1262	149	14
1263	163	11
1264	145	10
1265	174	13
1266	168	11
1267	137	9
1268	145	17
1269	194	16
1270	152	13
1271	171	7
1272	150	11
1273	175	16
1274	190	10
1275	172	13
1276	137	15
1277	164	15
1278	143	5
1279	137	11
1280	203	11
1281	148	21
1282	149	15
1283	169	15
1284	147	13
1285	159	21
1286	146	12
1287	168	12
1288	166	13
1289	141	12
1290	172	7
1291	162	13
1292	136	6
1293	163	16
1294	176	6
1295	136	16
1296	178	18
1297	137	15
1298	165	13
1299	137	11
1300	169	11
1301	157	9
1302	175	10
1303	175	8
1304	156	14
1305	166	12
1306	160	12
1307	160	11
1308	151	9
1309	167	11
1310	153	13
1311	188	15
1312	161	12
1313	148	10
1314	170	11
1315	152	14
1316	148	10
1317	182	12
1318	180	11
1319	138	16
1320	171	14
1321	151	12
1322	163	11
1323	151	8
1324	154	6
1325	157	11
1326	173	14
1327	145	12
1328	155	17
1329	166	11
1330	172	12
1331	176	9
1332	162	12
1333	173	11
1334	132	12
1335	165	11
1336	153	4
1337	145	14
1338	173	8
1339	170	11
1340	183	14
1341	157	11
1342	177	12
1343	160	7
1344	173	14
1345	188	11
1346	174	14
1347	141	16
1348	147	6
1349	176	16
1350	144	9
1351	166	12
1352	158	13
1353	148	12
1354	198	12
1355	162	12
1356	140	8
1357	149	7
1358	166	11
1359	152	8
1360	143	14
1361	155	9
1362	169	13
1363	149	9
1364	167	9
1365	162	12
1366	159	10
1367	219	13
1368	164	17
1369	163	12
1370	203	13
1371	168	15
1372	171	12
1373	165	14
1374	178	8
1375	218	8
1376	148	11
1377	180	8
1378	163	7
1379	131	13
1380	145	11
1381	150	8
1382	154	10
1383	177	9
1384	160	8
1385	148	10
1386	184	11
1387	171	10
1388	162	13
1389	145	5
1390	173	11
1391	196	10
1392	147	20
1393	157	6
1394	154	11
1395	144	10
1396	146	8
1397	198	12
1398	152	8
1399	185	5
1400	161	9
1401	146	9
1402	180	11
1403	166	8
1404	125	11
1405	158	8
1406	177	8
1407	151	13
1408	133	6
1409	151	16
1410	165	5
1411	158	9
1412	142	5
1413	162	17
1414	144	5
1415	134	14
1416	151	14
1417	139	12
1418	216	11
1419	156	10
1420	154	6
1421	128	10
1422	152	9
1423	156	8
1424	165	11
1425	154	14
1426	147	8
1427	137	13
1428	168	11
1429	143	4
1430	130	5
1431	149	14
1432	161	12
1433	155	9
1434	161	10
1435	144	9
1436	173	14
1437	152	11
1438	138	10
1439	161	6
1440	147	6
1441	135	14
1442	159	16
1443	146	10
1444	147	9
1445	183	9
1446	131	5
1447	121	6
1448	126	13
1449	132	10
1450	161	6
1451	146	7
1452	131	7
1453	146	6
1454	149	11
1455	152	6
1456	123	14
1457	132	10
1458	167	17
1459	126	7
1460	136	7
1461	139	8
1462	164	6
1463	125	6
1464	136	8
1465	144	11
1466	161	13
1467	148	9
1468	127	10
1469	143	10
1470	129	16
1471	163	6
1472	106	5
1473	154	7
1474	141	11
1475	117	6
1476	134	10
1477	121	5
1478	130	13
1479	120	5
1480	137	6
1481	93	14
1482	137	9
1483	115	6
1484	123	8
1485	140	10
1486	148	9
1487	125	12
1488	119	9
1489	143	6
1490	129	8
1491	110	15
1492	116	16
1493	132	14
1494	137	12
1495	137	9
1496	113	9
1497	118	9
1498	139	14
1499	111	8
1500	109	16
1501	151	12
1502	124	16
1503	169	11
1504	103	5
1505	114	8
1506	135	3
1507	114	11
1508	125	8
1509	142	10
1510	125	6
1511	112	13
1512	126	14
1513	112	8
1514	144	15
1515	136	13
1516	106	7
1517	118	10
1518	121	6
1519	149	13
1520	107	11
1521	105	8
1522	130	7
1523	123	10
1524	94	18
1525	124	10
1526	108	11
1527	121	8
1528	112	11
1529	128	9
1530	131	9
1531	124	15
1532	109	11
1533	127	7
1534	112	9
1535	120	13
1536	116	14
1537	108	10
1538	146	8
1539	127	8
1540	108	4
1541	128	9
1542	109	4
1543	105	8
1544	114	8
1545	109	11
1546	124	14
1547	122	3
1548	95	14
1549	116	8
1550	119	10
1551	119	9
1552	130	6
1553	104	9
1554	119	9
1555	107	5
1556	116	12
1557	101	9
1558	106	9
1559	122	12
1560	107	10
1561	99	7
1562	115	12
1563	96	6
1564	118	7
1565	125	7
1566	117	11
1567	146	15
1568	129	10
1569	119	4
1570	122	9
1571	90	11
1572	121	9
1573	111	13
1574	117	11
1575	118	13
1576	110	9
1577	91	6
1578	125	8
1579	123	11
1580	98	8
1581	117	10
1582	115	11
1583	115	6
1584	93	5
1585	120	6
1586	129	14
1587	104	4
1588	104	6
1589	114	6
1590	91	10
1591	99	11
1592	98	10
1593	101	6
1594	128	7
1595	112	6
1596	104	10
1597	115	12
1598	101	7
1599	112	7
1600	117	8
1601	89	4
1602	123	12
1603	113	3
1604	109	6
1605	114	11
1606	89	11
1607	104	7
1608	114	7
1609	85	9
1610	118	7
1611	125	2
1612	95	7
1613	95	12
1614	100	8
1615	84	3
1616	107	12
1617	110	4
1618	101	7
1619	97	4
1620	94	8
1621	117	8
1622	108	6
1623	72	4
1624	101	8
1625	120	10
1626	108	5
1627	91	2
1628	109	8
1629	123	4
1630	106	8
1631	140	6
1632	89	5
1633	95	8
1634	126	17
1635	91	7
1636	99	5
1637	112	12
1638	112	4
1639	103	8
1640	103	5
1641	87	1
1642	114	3
1643	106	6
1644	91	8
1645	95	9
1646	118	5
1647	100	9
1648	110	6
1649	119	4
1650	89	8
1651	91	9
1652	106	7
1653	105	7
1654	112	7
1655	111	9
1656	100	10
1657	97	4
1658	113	9
1659	106	3
1660	98	8
1661	84	6
1662	96	6
1663	97	9
1664	116	6
1665	109	5
1666	107	8
1667	80	4
1668	125	8
1669	121	12
1670	104	4
1671	84	7
1672	101	7
1673	100	7
1674	121	3
1675	92	6
1676	100	7
1677	121	6
1678	119	9
1679	109	7
1680	104	7
1681	110	8
1682	128	11
1683	93	7
1684	115	10
1685	127	6
1686	113	6
1687	128	6
1688	106	5
1689	118	9
1690	128	7
1691	106	5
1692	120	5
1693	111	8
1694	121	7
1695	150	8
1696	128	5
1697	113	13
1698	110	7
1699	91	6
1700	151	5
1701	141	9
1702	116	7
1703	119	8
1704	148	8
1705	116	6
1706	147	7
1707	125	5
1708	155	6
1709	137	6
1710	132	5
1711	143	7
1712	122	4
1713	147	6
1714	150	6
1715	118	4
1716	126	6
1717	145	12
1718	166	5
1719	154	7
1720	132	12
1721	145	8
1722	166	4
1723	145	3
1724	139	3
1725	129	6
1726	163	9
1727	156	6
1728	136	4
1729	146	7
1730	146	4
1731	124	4
1732	154	5
1733	160	8
1734	164	6
1735	141	3
1736	152	4
1737	148	6
1738	199	7
1739	155	5
1740	162	8
1741	174	9
1742	155	5
1743	166	3
1744	170	4
1745	149	9
1746	180	7
1747	175	5
1748	185	6
1749	162	6
1750	164	7
1751	185	4
1752	158	4
1753	154	9
1754	175	7
1755	155	8
1756	172	10
1757	168	6
1758	171	8
1759	187	5
1760	160	9
1761	176	6
1762	182	5
1763	174	3
1764	179	6
1765	192	11
1766	156	9
1767	178	6
1768	204	6
1769	190	4
1770	194	8
1771	219	7
1772	177	10
1773	197	4
1774	176	10
1775	190	10
1776	157	5
1777	206	4
1778	178	5
1779	156	6
1780	187	13
1781	195	10
1782	180	9
1783	189	7
1784	182	4
1785	152	6
1786	189	6
1787	200	6
1788	158	8
1789	187	5
1790	168	5
1791	196	7
1792	180	18
1793	149	15
1794	180	9
1795	162	5
1796	162	10
1797	167	11
1798	150	9
1799	159	5
1800	154	4
1801	168	12
1802	173	12
1803	154	7
1804	161	9
1805	164	6
1806	134	8
1807	151	5
1808	146	7
1809	144	5
1810	169	7
1811	143	6
1812	165	6
1813	146	6
1814	158	3
1815	167	9
1816	128	13
1817	143	6
1818	141	6
1819	140	8
1820	129	4
1821	137	5
1822	137	7
1823	154	6
1824	123	7
1825	151	8
1826	170	4
1827	126	10
1828	127	8
1829	132	5
1830	113	3
1831	116	2
1832	124	8
1833	134	5
1834	128	6
1835	112	7
1836	126	3
1837	126	6
1838	129	6
1839	124	4
1840	87	6
1841	115	8
1842	114	6
1843	89	8
1844	126	8
1845	107	7
1846	98	9
1847	122	8
1848	97	2
1849	101	9
1850	116	8
1851	107	2
1852	89	8
1853	122	7
1854	110	6
1855	108	5
1856	104	5
1857	123	4
1858	105	10
1859	92	5
1860	114	9
1861	93	3
1862	79	4
1863	90	6
1864	94	6
1865	101	8
1866	95	2
1867	99	3
1868	98	6
1869	105	6
1870	91	8
1871	96	8
1872	101	6
1873	100	4
1874	95	5
1875	87	7
1876	104	10
1877	90	5
1878	77	2
1879	79	8
1880	96	4
1881	83	6
1882	102	8
1883	85	7
1884	86	5
1885	73	8
1886	84	8
1887	116	8
1888	79	6
1889	83	6
1890	77	8
1891	87	5
1892	85	5
1893	87	7
1894	85	8
1895	89	6
1896	93	3
1897	84	3
1898	99	7
1899	110	3
1900	76	8
1901	87	9
1902	102	3
1903	112	8
1904	85	5
1905	86	3
1906	119	8
1907	93	11
1908	89	6
1909	111	8
1910	90	5
1911	82	2
1912	90	5
1913	85	7
1914	96	8
1915	80	3
1916	92	7
1917	94	5
1918	107	6
1919	101	5
1920	102	6
1921	90	5
1922	120	12
1923	93	4
1924	83	3
1925	99	4
1926	104	5
1927	107	6
1928	101	2
1929	101	10
1930	112	11
1931	109	4
1932	100	6
1933	122	8
1934	117	8
1935	104	2
1936	103	1
1937	99	6
1938	100	8
1939	100	3
1940	129	5
1941	111	3
1942	107	6
1943	111	2
1944	117	6
1945	105	11
1946	114	7
1947	106	3
1948	131	7
1949	143	8
1950	135	7
1951	130	11
1952	128	7
1953	113	7
1954	131	7
1955	126	7
1956	114	2
1957	129	6
1958	119	3
1959	125	5
1960	111	7
1961	134	4
1962	132	7
1963	122	9
1964	131	2
1965	129	4
1966	117	4
1967	153	7
1968	113	8
1969	132	4
1970	140	4
1971	122	7
1972	117	7
1973	124	3
1974	131	3
1975	151	2
1976	153	4
1977	126	12
1978	133	3
1979	165	4
1980	137	6
1981	166	3
1982	127	3
1983	161	3
1984	139	4
1985	131	9
1986	147	1
1987	140	2
1988	160	3
1989	145	4
1990	138	3
1991	142	4
1992	140	5
1993	126	6
1994	170	6
1995	167	3
1996	151	1
1997	160	2
1998	140	3
1999	139	8
2000	139	1
2001	168	2
2002	158	3
2003	140	4
2004	137	5
2005	148	6
2006	162	3
2007	144	3
2008	143	4
2009	139	5
2010	146	7
2011	139	2
2012	126	4
2013	158	6
2014	159	4
2015	182	5
2016	134	6
2017	144	6
2018	129	5
2019	118	4
2020	116	1
2021	118	3
2022	142	0
2023	135	5
2024	139	6
2025	143	6
2026	155	5
2027	134	7
2028	111	4
2029	115	5
2030	162	5
2031	136	8
2032	113	2
2033	136	6
2034	127	5
2035	131	7
2036	122	4
2037	131	8
2038	105	5
2039	115	6
2040	122	3
2041	99	4
2042	128	6
2043	111	2
2044	103	4
2045	126	5
2046	109	3
2047	137	1
2048	91	3
2049	97	7
2050	117	8
2051	97	2
2052	94	4
2053	104	3
2054	115	4
2055	109	3
2056	108	4
2057	100	0
2058	101	4
2059	126	5
2060	84	3
2061	98	6
2062	106	8
2063	98	2
2064	101	2
2065	98	3
2066	88	6
2067	84	3
2068	86	6
2069	76	4
2070	89	6
2071	94	6
2072	86	5
2073	85	4
2074	88	7
2075	97	5
2076	85	4
2077	85	5
2078	103	3
2079	103	5
2080	83	3
2081	85	2
2082	74	7
2083	80	2
2084	72	5
2085	93	5
2086	87	2
2087	69	9
2088	79	3
2089	75	6
2090	96	3
2091	67	3
2092	71	7
2093	74	5
2094	56	4
2095	87	5
2096	69	3
2097	64	9
2098	61	4
2099	61	8
2100	89	4
2101	62	3
2102	55	7
2103	62	2
2104	69	4
2105	76	2
2106	63	1
2107	66	7
2108	52	2
2109	52	3
2110	65	3
2111	57	3
2112	67	11
2113	58	4
2114	60	5
2115	53	1
2116	63	3
2117	62	4
2118	49	5
2119	51	8
2120	66	2
2121	62	3
2122	61	3
2123	51	4
2124	46	7
2125	63	5
2126	53	2
2127	59	8
2128	58	4
2129	48	3
2130	54	5
2131	49	3
2132	54	5
2133	56	2
2134	48	7
2135	48	5
2136	55	4
2137	58	4
2138	48	2
2139	51	5
2140	44	1
2141	50	3
2142	52	3
2143	69	1
2144	43	1
2145	44	3
2146	60	3
2147	39	2
2148	42	0
2149	50	5
2150	43	2
2151	49	6
2152	49	7
2153	45	5
2154	47	8
2155	59	8
2156	46	4
2157	54	2
2158	35	6
2159	38	0
2160	38	1
2161	42	5
2162	56	1
2163	45	5
2164	30	2
2165	45	6
2166	33	3
2167	40	5
2168	48	5
2169	49	6
2170	39	3
2171	45	5
2172	35	2
2173	45	5
2174	37	3
2175	29	8
2176	48	4
2177	28	4
2178	47	4
2179	34	3
2180	32	5
2181	44	3
2182	49	9
2183	34	3
2184	34	2
2185	37	6
2186	38	6
2187	32	9
2188	36	5
2189	36	2
2190	37	6
2191	36	4
2192	41	4
2193	27	5
2194	37	4
2195	42	5
2196	38	2
2197	38	5
2198	34	3
2199	32	3
2200	29	6
2201	26	6
2202	37	2
2203	34	5
2204	35	5
2205	41	4
2206	43	5
2207	25	6
2208	29	5
2209	32	6
2210	40	6
2211	24	3
2212	42	7
2213	28	2
2214	37	5
2215	32	7
2216	41	2
2217	29	0
2218	40	2
2219	25	9
2220	32	1
2221	29	8
2222	33	2
2223	30	1
2224	36	6
2225	24	6
2226	37	2
2227	29	4
2228	28	12
2229	28	7
2230	26	6
2231	47	5
2232	25	3
2233	33	5
2234	31	5
2235	21	5
2236	24	1
2237	36	5
2238	34	3
2239	31	6
2240	32	3
2241	23	5
2242	32	6
2243	17	4
2244	34	1
2245	27	4
2246	36	4
2247	27	2
2248	32	7
2249	23	5
2250	20	2
2251	27	5
2252	18	5
2253	25	6
2254	28	6
2255	28	4
2256	26	8
2257	21	5
2258	23	2
2259	27	9
2260	27	3
2261	34	7
2262	30	5
2263	33	7
2264	26	8
2265	28	5
2266	32	5
2267	26	5
2268	27	6
2269	28	9
2270	27	10
2271	27	5
2272	26	5
2273	31	7
2274	31	2
2275	18	3
2276	24	7
2277	23	8
2278	28	6
2279	27	4
2280	19	6
2281	24	4
2282	32	5
2283	14	5
2284	28	3
2285	27	7
2286	27	5
2287	24	2
2288	20	4
2289	20	4
2290	17	6
2291	18	4
2292	24	6
2293	18	6
2294	26	6
2295	24	1
2296	28	2
2297	14	3
2298	24	6
2299	27	5
2300	25	2
2301	22	7
2302	22	9
2303	24	5
2304	15	3
2305	22	8
2306	34	3
2307	16	3
2308	24	4
2309	25	1
2310	25	6
2311	27	4
2312	17	7
2313	16	8
2314	20	3
2315	20	6
2316	19	4
2317	19	3
2318	23	2
2319	19	7
2320	17	7
2321	15	4
2322	25	3
2323	21	2
2324	22	2
2325	20	5
2326	20	7
2327	20	7
2328	24	5
2329	30	4
2330	22	5
2331	20	5
2332	26	6
2333	18	7
2334	22	3
2335	15	2
2336	20	4
2337	16	4
2338	20	5
2339	17	12
2340	14	3
2341	17	3
2342	19	3
2343	16	6
2344	17	4
2345	18	4
2346	20	1
2347	16	3
2348	21	6
2349	17	3
2350	18	4
2351	12	4
2352	9	6
2353	12	3
2354	20	4
2355	21	5
2356	24	4
2357	15	5
2358	17	1
2359	15	3
2360	19	2
2361	16	4
2362	18	5
2363	16	4
2364	10	3
2365	21	7
2366	22	4
2367	19	3
2368	28	3
2369	14	3
2370	19	3
2371	19	0
2372	17	3
2373	17	9
2374	17	6
2375	21	2
2376	17	5
2377	14	4
2378	28	4
2379	14	7
2380	15	3
2381	21	4
2382	13	3
2383	19	6
2384	22	6
2385	13	1
2386	17	2
2387	15	5
2388	14	4
2389	18	6
2390	9	3
2391	20	6
2392	15	4
2393	17	5
2394	10	3
2395	11	2
2396	14	4
2397	17	4
2398	16	2
2399	10	2
2400	17	3
2401	11	3
2402	16	2
2403	16	1
2404	24	5
2405	26	3
2406	10	4
2407	21	0
2408	13	3
2409	14	2
2410	22	4
2411	17	5
2412	15	6
2413	17	2
2414	23	4
2415	21	2
2416	14	3
2417	18	7
2418	18	3
2419	15	2
2420	13	1
2421	18	4
2422	17	3
2423	19	1
2424	14	2
2425	18	5
2426	11	6
2427	10	1
2428	20	5
2429	15	5
2430	13	1
2431	12	3
2432	12	2
2433	14	1
2434	13	1
2435	27	2
2436	16	4
2437	10	1
2438	12	4
2439	9	2
2440	14	5
2441	15	1
2442	15	1
2443	7	3
2444	12	1
2445	16	6
2446	12	5
2447	11	2
2448	16	3
2449	19	3
2450	17	5
2451	16	1
2452	13	4
2453	13	6
2454	9	2
2455	22	0
2456	16	3
2457	11	3
2458	14	5
2459	10	4
2460	10	3
2461	9	2
2462	9	2
2463	13	1
2464	12	3
2465	14	2
2466	20	4
2467	9	1
2468	13	2
2469	13	8
2470	8	0
2471	9	5
2472	12	6
2473	17	3
2474	20	1
2475	11	1
2476	13	2
2477	13	3
2478	12	2
2479	14	1
2480	18	2
2481	17	6
2482	12	4
2483	14	3
2484	15	2
2485	14	2
2486	7	0
2487	17	4
2488	16	2
2489	12	1
2490	13	3
2491	14	0
2492	8	0
2493	18	7
2494	16	0
2495	13	1
2496	14	1
2497	15	2
2498	22	5
2499	17	1
2500	12	2
2501	14	4
2502	15	3
2503	12	1
2504	19	1
2505	17	0
2506	15	1
2507	12	1
2508	14	2
2509	12	4
2510	15	4
2511	16	1
2512	13	2
2513	9	4
2514	10	0
2515	11	5
2516	9	3
2517	12	5
2518	11	2
2519	17	1
2520	14	3
2521	8	2
2522	8	3
2523	16	2
2524	12	5
2525	9	3
2526	8	2
2527	11	3
2528	12	1
2529	13	2
2530	15	3
2531	13	1
2532	11	2
2533	16	2
2534	20	3
2535	10	2
2536	17	4
2537	10	3
2538	12	5
2539	16	1
2540	9	5
2541	23	5
2542	14	2
2543	15	1
2544	8	1
2545	12	2
2546	15	1
2547	7	2
2548	6	2
2549	14	1
2550	13	6
2551	18	1
2552	14	5
2553	12	3
2554	9	2
2555	10	2
2556	11	1
2557	12	3
2558	7	4
2559	14	4
2560	12	2
2561	9	3
2562	14	1
2563	9	1
2564	16	1
2565	11	2
2566	6	2
2567	5	5
2568	10	2
2569	26	2
2570	13	1
2571	13	2
2572	11	3
2573	10	2
2574	8	3
2575	8	3
2576	18	2
2577	11	4
2578	7	3
2579	10	0
2580	5	3
2581	14	6
2582	14	4
2583	16	1
2584	10	3
2585	11	4
2586	10	0
2587	13	1
2588	11	3
2589	13	3
2590	13	2
2591	9	2
2592	11	2
2593	13	0
2594	8	5
2595	13	3
2596	10	1
2597	9	2
2598	10	1
2599	12	3
2600	14	3
2601	8	2
2602	11	1
2603	12	3
2604	14	0
2605	4	1
2606	16	4
2607	9	0
2608	7	1
2609	15	0
2610	14	3
2611	12	2
2612	11	2
2613	12	3
2614	11	3
2615	9	1
2616	9	1
2617	12	2
2618	8	1
2619	11	1
2620	11	2
2621	8	3
2622	8	2
2623	9	1
2624	5	2
2625	9	1
2626	12	2
2627	7	3
2628	16	1
2629	11	3
2630	6	5
2631	7	0
2632	6	1
2633	10	2
2634	5	1
2635	8	2
2636	13	0
2637	11	1
2638	12	2
2639	6	3
2640	6	1
2641	13	4
2642	17	4
2643	8	3
2644	8	1
2645	12	4
2646	9	7
2647	8	3
2648	7	4
2649	13	1
2650	7	4
2651	6	0
2652	16	2
2653	8	2
2654	13	1
2655	10	3
2656	15	2
2657	10	2
2658	11	2
2659	7	3
2660	10	1
2661	12	1
2662	11	0
2663	6	2
2664	16	1
2665	4	1
2666	10	3
2667	10	1
2668	9	1
2669	14	0
2670	10	1
2671	6	0
2672	10	1
2673	15	1
2674	11	2
2675	3	2
2676	3	2
2677	9	3
2678	6	0
2679	7	1
2680	3	2
2681	12	5
2682	4	0
2683	11	2
2684	10	0
2685	12	2
2686	13	3
2687	4	0
2688	8	2
2689	11	0
2690	6	6
2691	11	2
2692	7	5
2693	9	2
2694	15	4
2695	7	3
2696	9	0
2697	10	1
2698	8	0
2699	6	0
2700	9	3
2701	6	3
2702	13	0
2703	12	2
2704	13	2
2705	4	2
2706	10	1
2707	7	2
2708	4	1
2709	8	1
2710	7	1
2711	12	0
2712	3	0
2713	8	1
2714	10	3
2715	7	1
2716	8	1
2717	10	5
2718	10	1
2719	8	1
2720	6	1
2721	7	2
2722	17	0
2723	9	1
2724	9	3
2725	5	0
2726	9	4
2727	7	1
2728	9	3
2729	5	0
2730	4	3
2731	6	1
2732	10	2
2733	5	1
2734	6	3
2735	6	2
2736	7	1
2737	14	1
2738	5	5
2739	7	2
2740	4	1
2741	4	1
2742	10	1
2743	15	1
2744	14	4
2745	7	1
2746	4	2
2747	9	0
2748	5	1
2749	5	0
2750	7	2
2751	7	3
2752	9	4
2753	5	2
2754	5	2
2755	3	2
2756	8	0
2757	13	4
2758	4	1
2759	4	2
2760	12	1
2761	6	3
2762	11	1
2763	2	1
2764	4	3
2765	10	1
2766	5	2
2767	6	0
2768	10	1
2769	7	1
2770	10	3
2771	8	1
2772	6	2
2773	9	4
2774	12	1
2775	6	3
2776	7	1
2777	7	0
2778	11	2
2779	3	0
2780	5	0
2781	8	3
2782	5	1
2783	10	2
2784	5	1
2785	10	2
2786	3	0
2787	11	2
2788	8	2
2789	7	0
2790	4	1
2791	9	2
2792	9	2
2793	6	0
2794	8	1
2795	5	1
2796	9	0
2797	4	2
2798	3	1
2799	5	0
2800	4	0
2801	7	1
2802	6	6
2803	6	4
2804	9	0
2805	8	2
2806	4	1
2807	10	2
2808	6	1
2809	11	1
2810	6	1
2811	6	0
2812	11	0
2813	5	1
2814	6	0
2815	5	2
2816	9	2
2817	3	2
2818	8	0
2819	4	2
2820	8	0
2821	8	1
2822	8	0
2823	8	2
2824	11	1
2825	5	2
2826	10	1
2827	5	2
2828	3	2
2829	6	1
2830	8	4
2831	5	2
2832	7	2
2833	12	1
2834	3	0
2835	7	2
2836	4	1
2837	1	0
2838	5	0
2839	11	1
2840	4	1
2841	9	3
2842	7	1
2843	8	1
2844	8	0
2845	12	0
2846	9	0
2847	8	0
2848	5	4
2849	4	3
2850	9	3
2851	2	1
2852	7	3
2853	9	1
2854	6	0
2855	6	0
2856	5	1
2857	7	0
2858	12	0
2859	8	0
2860	4	2
2861	5	1
2862	9	0
2863	8	1
2864	3	0
2865	12	1
2866	7	1
2867	7	1
2868	8	1
2869	6	2
2870	9	0
2871	10	2
2872	3	1
2873	9	3
2874	6	1
2875	3	1
2876	4	0
2877	7	1
2878	8	1
2879	3	0
2880	7	0
2881	9	2
2882	3	0
2883	11	1
2884	9	1
2885	8	1
2886	10	0
2887	8	0
2888	7	3
2889	6	1
2890	8	0
2891	10	1
2892	7	1
2893	6	1
2894	3	0
2895	6	1
2896	5	2
2897	6	1
2898	8	0
2899	8	1
2900	4	0
2901	4	1
2902	5	1
2903	5	0
2904	6	1
2905	5	0
2906	3	2
2907	4	0
2908	5	0
2909	2	1
2910	6	0
2911	9	0
2912	6	2
2913	7	2
2914	5	1
2915	3	1
2916	3	3
2917	7	2
2918	9	2
2919	1	0
2920	2	1
2921	5	0
2922	4	1
2923	4	0
2924	5	1
2925	4	1
2926	6	2
2927	4	1
2928	4	1
2929	3	1
2930	2	1
2931	7	0
2932	3	1
2933	8	1
2934	5	0
2935	6	0
2936	4	1
2937	7	0
2938	3	3
2939	5	1
2940	4	0
2941	6	2
2942	4	3
2943	6	0
2944	6	2
2945	8	0
2946	3	0
2947	6	0
2948	5	0
2949	10	1
2950	5	0
2951	11	2
2952	2	2
2953	7	3
2954	6	3
2955	7	0
2956	7	1
2957	5	0
2958	6	0
2959	8	1
2960	4	2
2961	4	1
2962	6	0
2963	3	1
2964	5	1
2965	6	0
2966	4	0
2967	6	0
2968	4	0
2969	3	0
2970	7	3
2971	7	3
2972	4	1
2973	5	0
2974	4	3
2975	2	2
2976	5	2
2977	1	3
2978	2	3
2979	2	2
2980	1	0
2981	5	0
2982	6	0
2983	6	1
2984	3	0
2985	7	2
2986	9	2
2987	1	1
2988	5	0
2989	5	3
2990	2	3
2991	11	0
2992	5	1
2993	3	1
2994	3	0
2995	8	2
2996	6	0
2997	2	2
2998	2	0
2999	4	2
3000	4	0
3001	4	3
3002	6	0
3003	6	1
3004	4	0
3005	9	1
3006	9	0
3007	6	0
3008	9	1
3009	3	0
3010	5	0
3011	4	2
3012	4	2
3013	5	4
3014	4	0
3015	7	1
3016	9	2
3017	3	2
3018	3	1
3019	8	1
3020	4	2
3021	5	2
3022	4	1
3023	3	0
3024	1	2
3025	2	0
3026	2	0
3027	3	1
3028	2	0
3029	5	2
3030	0	0
3031	5	4
3032	6	0
3033	3	1
3034	6	1
3035	2	2
3036	3	0
3037	3	1
3038	9	0
3039	5	1
3040	5	0
3041	3	1
3042	3	2
3043	6	0
3044	3	0
3045	6	1
3046	8	0
3047	3	1
3048	3	1
3049	6	1
3050	4	0
3051	2	2
3052	6	1
3053	3	1
3054	4	0
3055	4	1
3056	3	0
3057	4	2
3058	3	0
3059	6	1
3060	2	0
3061	5	0
3062	3	3
3063	4	1
3064	2	1
3065	4	2
3066	4	1
3067	5	1
3068	1	1
3069	8	3
3070	3	2
3071	1	2
3072	1	2
3073	3	2
3074	3	0
3075	5	1
3076	2	2
3077	1	1
3078	2	1
3079	4	2
3080	3	2
3081	3	1
3082	6	1
3083	2	1
3084	4	1
3085	2	2
3086	4	0
3087	4	0
3088	3	4
3089	7	1
3090	7	1
3091	2	4
3092	4	1
3093	8	2
3094	3	3
3095	2	1
3096	2	1
3097	5	0
3098	1	0
3099	1	1
3100	6	0
3101	7	2
3102	4	2
3103	2	1
3104	4	1
3105	2	0
3106	5	0
3107	1	0
3108	6	0
3109	5	0
3110	5	1
3111	6	1
3112	7	1
3113	5	2
3114	7	1
3115	5	0
3116	5	1
3117	5	0
3118	4	2
3119	4	1
3120	10	2
3121	6	2
3122	1	3
3123	2	0
3124	1	0
3125	6	3
3126	1	1
3127	4	2
3128	5	1
3129	1	1
3130	4	1
3131	6	0
3132	5	1
3133	2	2
3134	4	0
3135	5	1
3136	5	0
3137	2	2
3138	6	0
3139	3	1
3140	4	0
3141	3	0
3142	1	1
3143	4	1
3144	7	0
3145	5	1
3146	3	1
3147	4	0
3148	2	1
3149	5	1
3150	4	0
3151	7	0
3152	4	1
3153	1	1
3154	2	1
3155	4	2
3156	5	1
3157	4	0
3158	4	0
3159	3	1
3160	6	2
3161	4	0
3162	1	1
3163	2	0
3164	4	1
3165	5	1
3166	3	0
3167	3	1
3168	4	1
3169	2	0
3170	7	2
3171	4	0
3172	3	1
3173	4	4
3174	1	2
3175	4	1
3176	5	1
3177	3	2
3178	1	2
3179	4	2
3180	2	1
3181	6	2
3182	3	1
3183	4	0
3184	4	2
3185	1	1
3186	2	2
3187	2	1
3188	6	0
3189	3	0
3190	4	1
3191	0	0
3192	3	0
3193	4	1
3194	2	1
3195	3	1
3196	4	3
3197	10	1
3198	7	0
3199	3	1
3200	3	2
3201	3	1
3202	0	1
3203	5	0
3204	4	0
3205	3	2
3206	4	0
3207	5	2
3208	3	2
3209	2	1
3210	2	4
3211	4	0
3212	6	2
3213	3	2
3214	4	1
3215	3	1
3216	8	2
3217	3	5
3218	2	0
3219	4	1
3220	6	0
3221	4	0
3222	2	2
3223	3	0
3224	2	0
3225	5	2
3226	5	1
3227	6	2
3228	3	1
3229	3	0
3230	3	2
3231	2	1
3232	1	0
3233	1	0
3234	2	1
3235	2	0
3236	6	1
3237	5	1
3238	3	0
3239	0	0
3240	3	0
3241	4	1
3242	1	1
3243	6	1
3244	1	1
3245	5	0
3246	3	0
3247	4	0
3248	6	1
3249	2	1
3250	6	0
3251	5	0
3252	2	1
3253	2	1
3254	2	0
3255	8	0
3256	1	0
3257	7	0
3258	1	3
3259	1	0
3260	4	1
3261	1	2
3262	1	1
3263	1	1
3264	3	2
3265	1	1
3266	3	1
3267	2	0
3268	2	0
3269	6	0
3270	2	1
3271	3	2
3272	4	0
3273	3	0
3274	2	1
3275	4	1
3276	1	0
3277	4	0
3278	2	0
3279	4	0
3280	2	2
3281	1	3
3282	1	2
3283	0	1
3284	3	0
3285	1	3
3286	6	1
3287	2	0
3288	3	1
3289	4	1
3290	4	2
3291	3	1
3292	7	0
3293	4	1
3294	0	1
3295	1	0
3296	5	1
3297	4	1
3298	4	1
3299	2	0
3300	3	3
3301	5	0
3302	4	1
3303	4	0
3304	0	1
3305	1	0
3306	2	1
3307	3	1
3308	2	1
3309	4	0
3310	0	2
3311	1	0
3312	2	1
3313	6	1
3314	4	2
3315	5	1
3316	3	1
3317	1	0
3318	2	0
3319	3	3
3320	5	0
3321	5	1
3322	2	0
3323	2	0
3324	2	1
3325	3	1
3326	0	1
3327	4	1
3328	5	1
3329	4	1
3330	4	2
3331	2	2
3332	1	1
3333	3	1
3334	4	0
3335	2	3
3336	3	0
3337	6	1
3338	3	0
3339	3	1
3340	2	0
3341	1	3
3342	0	1
3343	3	1
3344	2	0
3345	2	1
3346	3	2
3347	2	1
3348	1	2
3349	4	0
3350	3	0
3351	1	0
3352	1	0
3353	3	5
3354	7	3
3355	2	0
3356	1	2
3357	3	0
3358	4	1
3359	2	2
3360	2	0
3361	0	1
3362	1	1
3363	1	1
3364	4	0
3365	5	0
3366	2	1
3367	1	3
3368	5	0
3369	3	3
3370	3	1
3371	2	1
3372	5	3
3373	4	2
3374	1	0
3375	1	2
3376	0	1
3377	1	1
3378	3	2
3379	1	2
3380	1	0
3381	0	2
3382	4	0
3383	1	0
3384	1	0
3385	4	1
3386	2	2
3387	1	1
3388	2	1
3389	1	0
3390	4	1
3391	1	0
3392	4	0
3393	4	1
3394	3	1
3395	5	0
3396	1	2
3397	2	0
3398	1	1
3399	2	0
3400	3	0
3401	1	1
3402	6	3
3403	3	0
3404	1	1
3405	1	0
3406	1	0
3407	4	1
3408	6	2
3409	4	1
3410	0	0
3411	2	1
3412	0	2
3413	1	1
3414	2	0
3415	1	1
3416	4	2
3417	3	1
3418	2	2
3419	1	4
3420	2	3
3421	3	1
3422	4	0
3423	4	0
3424	4	0
3425	3	1
3426	5	1
3427	3	0
3428	3	1
3429	1	3
3430	2	0
3431	5	0
3432	3	0
3433	4	0
3434	1	0
3435	1	0
3436	1	0
3437	3	0
3438	2	1
3439	1	1
3440	4	0
3441	3	0
3442	4	2
3443	0	2
3444	4	0
3445	4	0
3446	1	2
3447	3	0
3448	1	1
3449	2	0
3450	3	0
3451	3	3
3452	1	0
3453	1	0
3454	0	0
3455	0	0
3456	2	1
3457	0	0
3458	2	2
3459	3	0
3460	4	0
3461	4	1
3462	3	0
3463	1	0
3464	2	2
3465	1	0
3466	1	2
3467	0	0
3468	3	0
3469	3	0
3470	4	0
3471	1	0
3472	2	1
3473	1	0
3474	5	1
3475	2	1
3476	3	1
3477	1	0
3478	0	1
3479	2	1
3480	3	1
3481	3	2
3482	0	0
3483	0	2
3484	1	0
3485	1	0
3486	6	1
3487	3	0
3488	0	1
3489	0	0
3490	1	1
3491	3	2
3492	5	1
3493	3	0
3494	2	0
3495	1	1
3496	0	0
3497	1	1
3498	4	0
3499	1	0
3500	3	1
3501	0	2
3502	1	0
3503	1	0
3504	3	3
3505	2	0
3506	0	1
3507	1	3
3508	0	0
3509	1	0
3510	2	1
3511	1	0
3512	1	1
3513	1	0
3514	3	1
3515	1	0
3516	4	0
3517	1	1
3518	3	0
3519	0	1
3520	1	0
3521	2	0
3522	3	0
3523	4	1
3524	3	2
3525	2	0
3526	2	0
3527	4	1
3528	1	2
3529	0	0
3530	5	3
3531	1	1
3532	3	1
3533	0	0
3534	1	0
3535	2	0
3536	0	0
3537	2	2
3538	1	1
3539	1	0
3540	3	0
3541	2	0
3542	1	1
3543	2	0
3544	1	1
3545	2	1
3546	1	1
3547	4	1
3548	2	3
3549	1	0
3550	1	1
3551	2	1
3552	0	0
3553	4	0
3554	0	0
3555	3	3
3556	1	0
3557	2	1
3558	2	0
3559	1	0
3560	1	1
3561	1	0
3562	2	1
3563	1	0
3564	3	1
3565	1	0
3566	6	0
3567	0	0
3568	0	1
3569	1	0
3570	1	0
3571	2	0
3572	2	2
3573	3	2
3574	5	0
3575	2	0
3576	0	0
3577	1	1
3578	1	0
3579	2	1
3580	1	0
3581	5	0
3582	0	0
3583	0	1
3584	2	2
3585	2	0
3586	1	0
3587	2	1
3588	4	3
3589	1	0
3590	3	1
3591	0	1
3592	3	0
3593	1	2
3594	3	0
3595	0	0
3596	2	0
3597	1	0
3598	1	0
3599	0	0
3600	3	0
3601	1	1
3602	1	1
3603	1	1
3604	0	2
3605	5	0
3606	2	2
3607	2	0
3608	3	2
3609	2	0
3610	0	0
3611	2	1
3612	0	0
3613	2	0
3614	3	1
3615	2	0
3616	5	0
3617	1	0
3618	0	1
3619	1	0
3620	3	1
3621	1	0
3622	1	0
3623	2	0
3624	3	0
3625	1	0
3626	2	0
3627	5	0
3628	0	0
3629	7	0
3630	3	0
3631	0	0
3632	2	0
3633	1	1
3634	3	1
3635	2	1
3636	5	0
3637	2	0
3638	0	0
3639	3	1
3640	0	0
3641	2	1
3642	0	0
3643	2	1
3644	0	0
3645	6	2
3646	0	0
3647	2	1
3648	1	1
3649	1	1
3650	3	4
3651	1	0
3652	3	1
3653	5	0
3654	1	0
3655	1	0
3656	3	0
3657	4	1
3658	1	0
3659	1	1
3660	3	0
3661	4	2
3662	2	0
3663	1	1
3664	5	1
3665	1	3
3666	1	0
3667	3	0
3668	0	0
3669	2	2
3670	1	0
3671	0	0
3672	2	0
3673	1	0
3674	3	0
3675	1	0
3676	1	0
3677	0	0
3678	1	0
3679	2	0
3680	2	0
3681	2	0
3682	4	0
3683	2	0
3684	1	0
3685	3	0
3686	3	0
3687	3	0
3688	3	0
3689	3	0
3690	1	0
3691	4	0
3692	2	1
3693	4	0
3694	0	1
3695	0	0
3696	1	0
3697	1	0
3698	3	0
3699	1	1
3700	2	2
3701	4	2
3702	2	2
3703	2	0
3704	2	0
3705	2	2
3706	2	0
3707	0	2
3708	2	0
3709	0	0
3710	1	1
3711	1	0
3712	2	0
3713	0	0
3714	1	1
3715	0	1
3716	0	1
3717	1	1
3718	3	1
3719	0	2
3720	2	2
3721	1	1
3722	1	2
3723	1	0
3724	0	2
3725	2	1
3726	3	4
3727	2	2
3728	3	0
3729	0	0
3730	4	0
3731	2	2
3732	1	0
3733	1	0
3734	2	1
3735	0	1
3736	2	0
3737	0	0
3738	1	1
3739	2	0
3740	3	1
3741	3	0
3742	3	0
3743	1	2
3744	3	1
3745	1	0
3746	1	0
3747	0	0
3748	1	1
3749	2	0
3750	0	1
3751	1	0
3752	3	1
3753	0	0
3754	4	0
3755	2	0
3756	5	0
3757	2	1
3758	1	1
3759	1	1
3760	2	1
3761	2	0
3762	1	1
3763	2	0
3764	0	0
3765	0	0
3766	2	0
3767	0	0
3768	1	0
3769	1	0
3770	0	0
3771	1	0
3772	3	1
3773	0	1
3774	3	0
3775	1	0
3776	1	0
3777	2	0
3778	4	1
3779	1	1
3780	1	0
3781	0	0
3782	1	0
3783	1	0
3784	2	0
3785	1	0
3786	1	1
3787	0	1
3788	2	0
3789	2	1
3790	3	0
3791	3	0
3792	2	0
3793	1	0
3794	1	0
3795	0	0
3796	2	1
3797	3	0
3798	1	1
3799	2	1
3800	0	0
3801	0	0
3802	3	1
3803	1	0
3804	1	1
3805	0	0
3806	2	0
3807	3	1
3808	0	1
3809	1	0
3810	2	0
3811	0	0
3812	1	0
3813	1	0
3814	1	0
3815	3	0
3816	2	1
3817	1	0
3818	2	1
3819	2	0
3820	0	1
3821	0	1
3822	1	0
3823	3	0
3824	1	0
3825	0	0
3826	1	1
3827	0	0
3828	0	0
3829	0	1
3830	1	1
3831	1	1
3832	2	0
3833	2	1
3834	0	1
3835	3	0
3836	1	1
3837	1	0
3838	1	0
3839	0	0
3840	0	1
3841	1	0
3842	1	0
3843	0	1
3844	2	2
3845	1	1
3846	0	1
3847	0	0
3848	1	0
3849	1	0
3850	1	0
3851	0	0
3852	1	1
3853	0	0
3854	0	2
3855	0	0
3856	1	0
3857	1	1
3858	1	1
3859	1	0
3860	2	1
3861	0	0
3862	0	0
3863	0	0
3864	1	1
3865	0	1
3866	0	0
3867	0	0
3868	2	0
3869	2	0
3870	1	0
3871	0	0
3872	0	0
3873	0	0
3874	1	0
3875	1	0
3876	0	0
3877	2	0
3878	1	0
3879	0	0
3880	0	0
3881	0	0
3882	1	0
3883	1	0
3884	1	0
3885	0	1
3886	1	1
3887	1	0
3888	1	0
3889	0	0
3890	1	0
3891	0	1
3892	0	0
3893	1	0
3894	0	2
3895	0	0
3896	0	1
3897	0	0
3898	0	0
3899	1	0
3900	2	1
3901	0	0
3902	0	0
3903	0	1
3904	0	0
3905	2	1
3906	1	0
3907	0	0
3908	1	0
3909	0	0
3910	0	0
3911	0	1
3912	1	0
3913	1	2
3914	0	0
3915	2	0
3916	2	0
3917	0	0
3918	0	0
3919	0	0
3920	0	0
3921	1	0
3922	1	1
3923	1	1
3924	1	0
3925	0	0
3926	0	0
3927	1	0
3928	0	0
3929	0	1
3930	2	1
3931	0	0
3932	0	0
3933	2	0
3934	1	0
3935	0	1
3936	1	0
3937	1	0
3938	0	0
3939	1	0
3940	1	0
3941	0	0
3942	0	0
3943	1	0
3944	0	1
3945	3	1
3946	1	1
3947	1	0
3948	0	0
3949	0	2
3950	0	0
3951	1	1
3952	1	0
3953	1	0
3954	0	0
3955	1	0
3956	1	0
3957	0	1
3958	0	0
3959	1	0
3960	0	0
3961	0	1
3962	1	1
3963	1	0
3964	0	0
3965	2	0
3966	0	0
3967	1	0
3968	1	0
3969	0	0
3970	2	1
3971	1	0
3972	1	0
3973	1	0
3974	0	0
3975	1	0
3976	1	0
3977	0	1
3978	0	0
3979	1	1
3980	0	0
3981	0	0
3982	0	0
3983	1	0
3984	0	1
3985	1	0
3986	0	0
3987	1	0
3988	1	0
3989	0	0
3990	0	0
3991	1	0
3992	0	0
3993	2	1
3994	2	0
3995	0	1
3996	0	1
3997	1	1
3998	0	0
3999	0	1
4000	0	0
