0	3	0
1	2	0
2	3	0
3	4	0
4	5	0
5	7	0
6	6	0
7	3	0
8	12	0
9	5	0
10	5	0
11	6	0
12	5	0
13	7	0
14	4	0
15	3	1
16	5	0
17	8	0
18	12	0
19	5	0
20	8	1
21	9	9
22	4	47
23	17	62
24	105	52
25	214	45
26	332	58
27	298	61
28	329	68
29	364	63
30	376	68
31	422	80
32	399	78
33	366	75
34	377	80
35	372	74
36	361	66
37	431	85
38	361	56
39	383	66
40	400	101
41	387	73
42	418	91
43	422	101
44	361	81
45	390	103
46	406	88
47	392	122
48	373	101
49	350	133
50	366	133
51	344	114
52	349	133
53	432	155
54	359	139
55	380	127
56	355	142
57	308	123
58	437	142
59	335	138
60	332	131
61	394	130
62	371	113
63	363	111
64	392	114
65	360	135
66	378	97
67	365	118
68	366	93
69	430	133
70	350	94
71	329	91
72	362	123
73	354	87
74	404	135
75	403	105
76	324	106
77	390	116
78	410	122
79	375	115
80	423	134
81	392	134
82	376	149
83	353	94
84	397	110
85	423	176
86	382	116
87	408	161
88	363	128
89	318	140
90	433	150
91	364	130
92	408	146
93	406	135
94	417	149
95	481	187
96	375	138
97	423	161
98	356	172
99	389	144
100	368	144
101	469	174
102	374	170
103	396	181
104	418	184
105	396	169
106	432	222
107	401	202
108	353	193
109	429	219
110	427	241
111	425	230
112	380	239
113	437	207
114	416	239
115	349	196
116	355	211
117	441	286
118	349	221
119	392	239
120	429	245
121	373	236
122	429	301
123	407	253
124	361	211
125	430	291
126	380	263
127	364	253
128	448	289
129	395	309
130	439	293
131	384	271
132	364	264
133	448	325
134	330	268
135	441	322
136	385	306
137	366	277
138	407	327
139	404	324
140	356	301
141	389	292
142	444	319
143	449	296
144	396	297
145	412	287
146	383	310
147	308	291
148	371	342
149	444	361
150	368	292
151	416	342
152	347	278
153	360	290
154	468	376
155	366	290
156	449	326
157	409	311
158	455	337
159	426	354
160	444	324
161	424	313
162	423	370
163	384	319
164	373	321
165	472	402
166	343	273
167	369	304
168	425	365
169	396	287
170	446	373
171	413	347
172	362	271
173	408	324
174	432	334
175	453	355
176	397	306
177	391	326
178	444	347
179	357	289
180	394	330
181	443	355
182	360	306
183	393	335
184	423	365
185	352	297
186	445	358
187	381	315
188	374	307
189	436	384
190	433	333
191	488	355
192	366	311
193	416	327
194	446	325
195	402	300
196	346	297
197	457	362
198	353	286
199	447	320
200	392	296
201	350	261
202	482	311
203	413	309
204	396	284
205	401	323
206	406	317
207	378	270
208	410	288
209	378	315
210	415	343
211	369	287
212	392	315
213	388	348
214	398	291
215	428	318
216	417	261
217	360	257
218	416	336
219	362	291
220	380	306
221	426	309
222	442	312
223	532	368
224	426	288
225	413	297
226	385	334
227	427	271
228	372	262
229	475	304
230	364	258
231	390	244
232	414	299
233	368	269
234	430	309
235	417	305
236	359	253
237	395	273
238	412	294
239	423	279
240	419	262
241	400	288
242	402	264
243	349	257
244	397	258
245	474	319
246	397	229
247	438	312
248	413	274
249	390	256
250	409	295
251	349	296
252	383	253
253	391	307
254	350	238
255	380	206
256	516	346
257	381	243
258	400	257
259	394	251
260	372	227
261	446	297
262	384	247
263	427	226
264	384	274
265	357	233
266	469	278
267	375	230
268	370	217
269	401	275
270	405	236
271	400	199
272	433	218
273	391	249
274	417	253
275	357	238
276	434	261
277	443	243
278	353	198
279	418	241
280	407	240
281	347	225
282	449	245
283	369	245
284	392	216
285	417	236
286	385	223
287	437	236
288	384	222
289	387	228
290	421	227
291	379	234
292	394	190
293	465	260
294	395	208
295	383	207
296	434	260
297	351	173
298	431	252
299	421	247
300	417	210
301	401	230
302	469	240
303	471	224
304	402	200
305	415	204
306	422	233
307	383	207
308	409	194
309	458	230
310	409	179
311	387	205
312	420	205
313	425	198
314	490	239
315	409	223
316	409	200
317	447	223
318	472	225
319	445	168
320	490	222
321	439	181
322	458	199
323	464	199
324	439	184
325	532	243
326	430	171
327	476	191
328	445	194
329	409	218
330	517	213
331	487	190
332	494	201
333	438	184
334	532	203
335	479	176
336	502	185
337	478	194
338	504	208
339	446	170
340	517	206
341	545	203
342	478	178
343	532	205
344	475	179
345	467	162
346	558	197
347	474	159
348	548	186
349	488	176
350	479	171
351	605	243
352	427	160
353	499	172
354	544	213
355	456	168
356	451	163
357	574	200
358	500	174
359	485	167
360	529	192
361	493	150
362	547	187
363	499	197
364	435	156
365	483	186
366	533	204
367	511	172
368	517	170
369	513	181
370	493	166
371	469	147
372	541	145
373	569	167
374	480	151
375	532	178
376	486	178
377	470	176
378	545	193
379	506	136
380	487	162
381	523	174
382	520	165
383	553	181
384	440	129
385	476	133
386	530	155
387	486	177
388	495	140
389	567	164
390	446	168
391	506	150
392	439	154
393	441	143
394	546	176
395	489	142
396	462	141
397	526	155
398	540	162
399	516	150
400	517	145
401	492	154
402	556	185
403	425	148
404	469	159
405	520	181
406	472	147
407	486	194
408	432	130
409	414	123
410	555	163
411	451	138
412	463	155
413	496	157
414	454	155
415	497	138
416	464	138
417	411	144
418	467	146
419	462	137
420	430	132
421	517	154
422	456	140
423	458	106
424	486	152
425	437	119
426	513	145
427	485	138
428	444	146
429	468	129
430	466	151
431	519	156
432	437	105
433	441	113
434	498	120
435	421	106
436	497	119
437	493	134
438	455	122
439	450	118
440	462	110
441	395	96
442	494	153
443	427	108
444	438	119
445	458	130
446	438	130
447	518	111
448	422	109
449	444	107
450	463	112
451	404	105
452	403	113
453	438	136
454	430	110
455	406	109
456	447	130
457	425	102
458	487	98
459	419	118
460	389	97
461	434	116
462	431	112
463	453	123
464	415	105
465	442	103
466	461	131
467	383	95
468	438	108
469	465	130
470	415	102
471	435	103
472	388	104
473	424	105
474	480	105
475	371	90
476	450	100
477	419	127
478	436	102
479	522	126
480	390	82
481	418	102
482	437	93
483	402	107
484	384	84
485	443	134
486	371	76
487	418	78
488	409	106
489	365	90
490	435	83
491	390	110
492	346	97
493	410	114
494	463	92
495	434	102
496	391	86
497	438	93
498	409	100
499	393	83
500	378	109
501	447	116
502	406	94
503	436	91
504	435	81
505	375	68
506	424	91
507	433	90
508	380	80
509	405	79
510	380	91
511	318	86
512	516	118
513	401	95
514	409	90
515	408	101
516	376	75
517	453	100
518	355	68
519	388	80
520	399	79
521	386	82
522	422	99
523	395	86
524	343	91
525	434	92
526	376	90
527	390	81
528	364	77
529	332	103
530	373	82
531	320	70
532	408	72
533	422	69
534	363	79
535	418	85
536	389	76
537	367	62
538	448	87
539	362	72
540	412	79
541	351	80
542	378	84
543	393	93
544	409	85
545	359	78
546	373	80
547	337	76
548	352	82
549	387	101
550	362	68
551	354	72
552	441	82
553	369	64
554	428	84
555	389	90
556	354	63
557	358	79
558	394	69
559	373	95
560	357	77
561	371	85
562	357	82
563	353	62
564	374	74
565	424	90
566	355	68
567	359	74
568	366	81
569	323	65
570	381	84
571	366	54
572	375	69
573	400	75
574	371	83
575	381	76
576	362	79
577	359	75
578	366	76
579	388	69
580	328	77
581	385	70
582	329	57
583	357	74
584	374	65
585	331	67
586	389	82
587	352	65
588	345	62
589	337	64
590	326	92
591	355	70
592	378	80
593	367	70
594	396	73
595	301	51
596	369	49
597	388	78
598	311	81
599	378	61
600	349	60
601	324	71
602	415	66
603	296	57
604	372	60
605	346	64
606	369	68
607	452	95
608	350	64
609	324	52
610	381	71
611	331	68
612	322	55
613	377	53
614	331	50
615	315	61
616	366	68
617	326	57
618	380	66
619	363	60
620	319	72
621	335	56
622	359	58
623	362	67
624	368	63
625	325	44
626	360	58
627	328	44
628	370	46
629	346	60
630	331	53
631	390	52
632	348	70
633	315	58
634	375	64
635	386	54
636	360	58
637	383	47
638	333	56
639	287	32
640	358	61
641	318	61
642	327	49
643	355	44
644	342	41
645	434	53
646	302	59
647	328	49
648	342	47
649	340	47
650	369	66
651	326	50
652	317	42
653	344	44
654	372	50
655	329	42
656	350	61
657	345	50
658	408	53
659	318	48
660	340	63
661	361	48
662	323	43
663	344	45
664	326	56
665	322	33
666	357	54
667	342	55
668	365	52
669	343	47
670	358	41
671	377	46
672	353	50
673	372	43
674	352	48
675	326	50
676	332	38
677	372	34
678	284	42
679	310	41
680	332	50
681	322	55
682	386	41
683	377	31
684	327	34
685	319	57
686	393	45
687	383	44
688	321	45
689	326	46
690	374	50
691	300	39
692	369	35
693	347	52
694	307	34
695	327	37
696	344	46
697	342	34
698	355	34
699	318	37
700	379	32
701	360	32
702	339	41
703	385	44
704	281	44
705	346	46
706	371	38
707	303	45
708	310	39
709	399	53
710	313	33
711	334	45
712	322	41
713	312	41
714	360	42
715	365	42
716	292	43
717	339	34
718	330	39
719	345	33
720	351	43
721	361	24
722	345	37
723	291	27
724	344	33
725	329	41
726	314	29
727	365	41
728	339	32
729	304	32
730	342	42
731	312	35
732	321	32
733	325	57
734	367	37
735	399	46
736	327	41
737	322	39
738	370	35
739	330	37
740	342	39
741	383	46
742	327	38
743	324	29
744	346	29
745	295	33
746	397	38
747	330	30
748	338	37
749	344	31
750	344	38
751	371	33
752	323	22
753	341	28
754	382	34
755	315	27
756	284	28
757	376	30
758	314	43
759	324	29
760	300	35
761	337	25
762	366	30
763	314	36
764	313	28
765	376	46
766	315	29
767	353	37
768	350	30
769	330	42
770	369	34
771	333	36
772	327	26
773	353	39
774	291	38
775	321	35
776	312	22
777	330	20
778	357	41
779	343	36
780	285	24
781	381	33
782	374	31
783	329	22
784	349	35
785	303	24
786	305	39
787	282	32
788	345	26
789	371	36
790	294	40
791	356	33
792	301	36
793	271	26
794	321	44
795	292	22
796	343	35
797	332	32
798	353	42
799	401	26
800	357	30
801	325	39
802	378	29
803	286	41
804	317	30
805	366	29
806	322	25
807	283	24
808	345	33
809	299	17
810	362	27
811	345	35
812	304	23
813	299	20
814	345	28
815	406	39
816	304	21
817	333	18
818	337	25
819	350	21
820	307	26
821	385	34
822	303	30
823	326	31
824	302	34
825	316	22
826	357	26
827	322	21
828	301	27
829	324	25
830	359	27
831	366	38
832	324	38
833	329	29
834	347	24
835	336	29
836	313	19
837	387	32
838	271	30
839	296	30
840	313	27
841	313	29
842	395	31
843	324	31
844	306	21
845	340	28
846	370	46
847	310	39
848	375	32
849	303	25
850	354	25
851	299	34
852	331	26
853	337	20
854	279	29
855	349	18
856	307	29
857	297	26
858	401	41
859	321	31
860	340	26
861	340	27
862	358	31
863	425	38
864	342	25
865	327	26
866	371	30
867	345	17
868	349	17
869	382	20
870	295	36
871	305	25
872	355	23
873	287	35
874	375	38
875	339	26
876	305	20
877	332	17
878	359	18
879	326	29
880	303	17
881	329	27
882	328	19
883	319	21
884	284	23
885	354	27
886	323	24
887	345	20
888	316	15
889	318	20
890	372	20
891	302	20
892	337	24
893	382	23
894	337	24
895	337	29
896	328	25
897	321	29
898	339	17
899	299	20
900	337	29
901	337	27
902	355	23
903	322	30
904	339	20
905	309	16
906	383	23
907	347	23
908	282	35
909	333	27
910	314	23
911	326	16
912	328	26
913	349	22
914	342	24
915	280	20
916	326	24
917	329	26
918	343	22
919	366	24
920	333	23
921	353	24
922	351	34
923	298	17
924	330	30
925	323	32
926	372	23
927	382	26
928	352	14
929	323	24
930	319	21
931	349	18
932	333	29
933	324	24
934	334	24
935	291	22
936	325	23
937	303	18
938	383	26
939	327	20
940	338	32
941	324	17
942	357	26
943	338	16
944	334	12
945	299	23
946	373	24
947	321	18
948	302	23
949	365	18
950	297	19
951	343	15
952	335	29
953	314	25
954	359	33
955	316	24
956	323	20
957	357	17
958	357	24
959	418	38
960	327	24
961	308	24
962	355	15
963	277	17
964	337	22
965	403	24
966	306	15
967	360	33
968	324	23
969	341	24
970	370	26
971	337	28
972	336	17
973	368	23
974	400	33
975	296	21
976	348	20
977	357	24
978	372	27
979	309	18
980	333	18
981	369	30
982	332	19
983	307	20
984	296	17
985	352	24
986	351	21
987	317	17
988	335	19
989	368	21
990	344	28
991	435	30
992	298	17
993	287	27
994	384	27
995	346	24
996	321	14
997	394	21
998	325	24
999	317	17
1000	301	24
1001	332	28
1002	361	20
1003	343	30
1004	339	24
1005	314	20
1006	335	21
1007	356	28
1008	306	18
1009	345	16
1010	351	22
1011	324	29
1012	343	21
1013	388	19
1014	313	18
1015	343	22
1016	346	24
1017	382	23
1018	347	24
1019	322	20
1020	361	20
1021	354	22
1022	329	20
1023	152	6
1024	539	27
1025	342	23
1026	349	22
1027	330	27
1028	342	13
1029	396	25
1030	283	22
1031	368	27
1032	359	18
1033	318	24
1034	370	31
1035	332	29
1036	334	24
1037	386	20
1038	343	21
1039	329	15
1040	350	24
1041	365	27
1042	359	20
1043	284	22
1044	341	14
1045	391	30
1046	375	17
1047	407	22
1048	340	16
1049	339	26
1050	387	12
1051	317	23
1052	349	26
1053	326	25
1054	340	18
1055	387	20
1056	366	27
1057	355	26
1058	394	20
1059	342	15
1060	338	19
1061	363	28
1062	328	20
1063	342	24
1064	388	16
1065	323	18
1066	381	17
1067	345	23
1068	312	13
1069	356	20
1070	355	28
1071	400	23
1072	307	13
1073	361	26
1074	385	21
1075	363	21
1076	306	30
1077	394	26
1078	315	23
1079	371	20
1080	332	12
1081	345	23
1082	361	25
1083	331	20
1084	309	15
1085	360	24
1086	366	24
1087	318	23
1088	380	21
1089	375	27
1090	344	24
1091	331	18
1092	348	21
1093	372	26
1094	323	26
1095	326	16
1096	335	11
1097	313	18
1098	393	18
1099	392	17
1100	334	15
1101	350	13
1102	347	15
1103	325	18
1104	407	17
1105	353	15
1106	361	20
1107	294	21
1108	382	25
1109	376	21
1110	333	21
1111	381	20
1112	373	15
1113	378	17
1114	416	16
1115	344	23
1116	351	20
1117	404	20
1118	392	22
1119	431	24
1120	367	21
1121	350	22
1122	376	20
1123	322	22
1124	344	24
1125	377	22
1126	314	22
1127	355	15
1128	376	11
1129	337	15
1130	405	24
1131	354	21
1132	329	17
1133	378	17
1134	378	30
1135	371	22
1136	360	9
1137	355	19
1138	391	12
1139	315	22
1140	384	26
1141	417	17
1142	361	16
1143	375	18
1144	319	15
1145	356	23
1146	366	26
1147	356	24
1148	339	13
1149	397	13
1150	376	22
1151	334	12
1152	423	13
1153	382	16
1154	363	22
1155	347	12
1156	342	17
1157	406	17
1158	362	15
1159	368	18
1160	328	19
1161	401	13
1162	406	24
1163	387	19
1164	343	16
1165	436	21
1166	369	14
1167	394	12
1168	358	19
1169	346	16
1170	369	14
1171	319	12
1172	408	14
1173	383	18
1174	351	20
1175	376	12
1176	389	17
1177	368	18
1178	384	19
1179	365	13
1180	420	16
1181	384	19
1182	397	8
1183	409	19
1184	401	24
1185	363	14
1186	426	21
1187	367	11
1188	388	13
1189	435	8
1190	352	10
1191	342	14
1192	448	21
1193	339	10
1194	401	16
1195	370	13
1196	375	11
1197	350	17
1198	422	20
1199	428	18
1200	344	14
1201	402	13
1202	399	19
1203	347	15
1204	387	13
1205	416	20
1206	351	10
1207	376	15
1208	398	18
1209	371	8
1210	428	16
1211	401	9
1212	361	14
1213	402	12
1214	368	16
1215	440	22
1216	353	14
1217	357	12
1218	391	9
1219	378	10
1220	406	14
1221	440	15
1222	358	11
1223	376	14
1224	404	18
1225	406	12
1226	427	16
1227	367	7
1228	351	12
1229	406	13
1230	430	17
1231	401	10
1232	353	11
1233	385	9
1234	402	17
1235	319	14
1236	405	17
1237	436	14
1238	399	12
1239	426	15
1240	374	9
1241	418	9
1242	440	12
1243	366	8
1244	391	11
1245	438	8
1246	404	10
1247	486	23
1248	386	12
1249	404	16
1250	416	9
1251	391	11
1252	370	11
1253	418	15
1254	357	14
1255	351	8
1256	438	9
1257	384	13
1258	418	15
1259	412	17
1260	390	14
1261	372	16
1262	411	14
1263	449	11
1264	376	10
1265	423	13
1266	408	11
1267	409	9
1268	392	17
1269	458	16
1270	372	13
1271	421	7
1272	399	11
1273	412	16
1274	427	10
1275	421	13
1276	414	15
1277	464	15
1278	400	5
1279	354	11
1280	535	11
1281	387	21
1282	446	15
1283	404	15
1284	409	13
1285	465	21
1286	382	12
1287	425	12
1288	408	13
1289	381	12
1290	475	7
1291	402	13
1292	386	6
1293	393	16
1294	433	6
1295	402	16
1296	404	18
1297	406	15
1298	431	13
1299	399	11
1300	436	11
1301	456	9
1302	394	10
1303	427	8
1304	378	14
1305	397	12
1306	447	12
1307	413	11
1308	450	9
1309	444	11
1310	434	13
1311	440	15
1312	434	12
1313	443	10
1314	447	11
1315	390	14
1316	394	10
1317	451	12
1318	401	11
1319	385	16
1320	461	14
1321	413	12
1322	470	11
1323	429	8
1324	420	6
1325	460	11
1326	433	14
1327	450	12
1328	438	17
1329	439	11
1330	491	12
1331	384	9
1332	419	12
1333	454	11
1334	453	12
1335	453	11
1336	432	4
1337	440	14
1338	467	8
1339	415	11
1340	419	14
1341	449	11
1342	439	12
1343	430	7
1344	458	14
1345	453	11
1346	501	14
1347	420	16
1348	441	6
1349	491	16
1350	415	9
1351	423	12
1352	455	13
1353	436	12
1354	507	12
1355	476	12
1356	463	8
1357	431	7
1358	450	11
1359	449	8
1360	494	14
1361	429	9
1362	455	13
1363	400	9
1364	428	9
1365	483	12
1366	452	10
1367	461	13
1368	448	17
1369	428	12
1370	514	13
1371	435	15
1372	442	12
1373	474	14
1374	531	8
1375	521	8
1376	389	11
1377	457	8
1378	466	7
1379	435	13
1380	443	11
1381	497	8
1382	423	10
1383	401	9
1384	433	8
1385	433	10
1386	498	11
1387	439	10
1388	476	13
1389	442	5
1390	464	11
1391	425	10
1392	398	20
1393	479	6
1394	459	11
1395	439	10
1396	422	8
1397	475	12
1398	451	8
1399	449	5
1400	434	9
1401	436	9
1402	454	11
1403	467	8
1404	462	11
1405	429	8
1406	415	8
1407	500	13
1408	465	6
1409	441	16
1410	470	5
1411	444	9
1412	431	5
1413	445	17
1414	403	5
1415	401	14
1416	404	14
1417	404	12
1418	473	11
1419	446	10
1420	416	6
1421	412	10
1422	433	9
1423	418	8
1424	419	11
1425	402	14
1426	442	8
1427	392	13
1428	478	11
1429	464	4
1430	378	5
1431	420	14
1432	437	12
1433	379	9
1434	458	10
1435	380	9
1436	433	14
1437	436	11
1438	433	10
1439	479	6
1440	444	6
1441	364	14
1442	411	16
1443	376	10
1444	424	9
1445	442	9
1446	375	5
1447	325	6
1448	410	13
1449	376	10
1450	475	6
1451	393	7
1452	412	7
1453	390	6
1454	413	11
1455	397	6
1456	360	14
1457	384	10
1458	399	17
1459	360	7
1460	374	7
1461	407	8
1462	363	6
1463	363	6
1464	370	8
1465	369	11
1466	419	13
1467	337	9
1468	356	10
1469	403	10
1470	399	16
1471	410	6
1472	379	5
1473	382	7
1474	379	11
1475	381	6
1476	375	10
1477	397	5
1478	346	13
1479	352	5
1480	356	6
1481	346	14
1482	374	9
1483	362	6
1484	352	8
1485	365	10
1486	314	9
1487	341	12
1488	387	9
1489	313	6
1490	334	8
1491	325	15
1492	339	16
1493	386	14
1494	359	12
1495	349	9
1496	348	9
1497	306	9
1498	359	14
1499	306	8
1500	339	16
1501	355	12
1502	348	16
1503	438	11
1504	303	5
1505	341	8
1506	364	3
1507	304	11
1508	310	8
1509	385	10
1510	331	6
1511	304	13
1512	336	14
1513	306	8
1514	350	15
1515	303	13
1516	331	7
1517	345	10
1518	352	6
1519	348	13
1520	312	11
1521	365	8
1522	329	7
1523	318	10
1524	304	18
1525	368	10
1526	306	11
1527	336	8
1528	350	11
1529	321	9
1530	344	9
1531	324	15
1532	296	11
1533	332	7
1534	330	9
1535	290	13
1536	368	14
1537	309	10
1538	370	8
1539	322	8
1540	338	4
1541	326	9
1542	301	4
1543	308	8
1544	318	8
1545	282	11
1546	372	14
1547	332	3
1548	329	14
1549	299	8
1550	312	10
1551	296	9
1552	323	6
1553	298	9
1554	346	9
1555	336	5
1556	323	12
1557	348	9
1558	311	9
1559	362	12
1560	332	10
1561	293	7
1562	342	12
1563	293	6
1564	318	7
1565	326	7
1566	309	11
1567	336	15
1568	349	10
1569	326	4
1570	305	9
1571	287	11
1572	312	9
1573	351	13
1574	280	11
1575	291	13
1576	329	9
1577	301	6
1578	353	8
1579	344	11
1580	291	8
1581	295	10
1582	351	11
1583	323	6
1584	285	5
1585	324	6
1586	345	14
1587	252	4
1588	290	6
1589	309	6
1590	281	10
1591	304	11
1592	299	10
1593	275	6
1594	318	7
1595	284	6
1596	305	10
1597	314	12
1598	322	7
1599	288	7
1600	363	8
1601	303	4
1602	326	12
1603	261	3
1604	313	6
1605	336	11
1606	321	11
1607	306	7
1608	287	7
1609	290	9
1610	331	7
1611	289	2
1612	280	7
1613	330	12
1614	275	8
1615	284	3
1616	308	12
1617	280	4
1618	338	7
1619	270	4
1620	325	8
1621	321	8
1622	312	6
1623	312	4
1624	287	8
1625	317	10
1626	324	5
1627	293	2
1628	339	8
1629	311	4
1630	302	8
1631	385	6
1632	269	5
1633	308	8
1634	306	17
1635	283	7
1636	318	5
1637	278	12
1638	295	4
1639	266	8
1640	339	5
1641	264	1
1642	310	3
1643	288	6
1644	286	8
1645	331	9
1646	344	5
1647	324	9
1648	283	6
1649	323	4
1650	334	8
1651	272	9
1652	309	7
1653	306	7
1654	300	7
1655	308	9
1656	291	10
1657	276	4
1658	308	9
1659	286	3
1660	287	8
1661	302	6
1662	310	6
1663	306	9
1664	330	6
1665	284	5
1666	319	8
1667	313	4
1668	301	8
1669	307	12
1670	284	4
1671	330	7
1672	307	7
1673	268	7
1674	337	3
1675	291	6
1676	281	7
1677	352	6
1678	330	9
1679	304	7
1680	294	7
1681	308	8
1682	330	11
1683	319	7
1684	319	10
1685	373	6
1686	317	6
1687	326	6
1688	324	5
1689	260	9
1690	364	7
1691	345	5
1692	357	5
1693	323	8
1694	324	7
1695	330	8
1696	375	5
1697	317	13
1698	329	7
1699	305	6
1700	338	5
1701	397	9
1702	342	7
1703	279	8
1704	396	8
1705	323	6
1706	385	7
1707	360	5
1708	372	6
1709	381	6
1710	398	5
1711	373	7
1712	335	4
1713	384	6
1714	370	6
1715	362	4
1716	404	6
1717	444	12
1718	384	5
1719	354	7
1720	395	12
1721	422	8
1722	473	4
1723	435	3
1724	440	3
1725	431	6
1726	433	9
1727	470	6
1728	421	4
1729	428	7
1730	446	4
1731	447	4
1732	450	5
1733	520	8
1734	419	6
1735	391	3
1736	483	4
1737	454	6
1738	507	7
1739	431	5
1740	503	8
1741	487	9
1742	508	5
1743	438	3
1744	503	4
1745	460	9
1746	488	7
1747	427	5
1748	512	6
1749	541	6
1750	496	7
1751	531	4
1752	517	4
1753	511	9
1754	521	7
1755	488	8
1756	515	10
1757	538	6
1758	512	8
1759	606	5
1760	481	9
1761	572	6
1762	566	5
1763	494	3
1764	543	6
1765	598	11
1766	572	9
1767	523	6
1768	540	6
1769	537	4
1770	566	8
1771	535	7
1772	534	10
1773	545	4
1774	595	10
1775	582	10
1776	573	5
1777	602	4
1778	576	5
1779	551	6
1780	537	13
1781	605	10
1782	563	9
1783	592	7
1784	551	4
1785	563	6
1786	616	6
1787	550	6
1788	533	8
1789	585	5
1790	549	5
1791	619	7
1792	592	18
1793	536	15
1794	562	9
1795	532	5
1796	506	10
1797	564	11
1798	552	9
1799	515	5
1800	570	4
1801	509	12
1802	583	12
1803	522	7
1804	523	9
1805	537	6
1806	560	8
1807	472	5
1808	560	7
1809	516	5
1810	523	7
1811	479	6
1812	522	6
1813	489	6
1814	508	3
1815	487	9
1816	503	13
1817	460	6
1818	505	6
1819	468	8
1820	477	4
1821	454	5
1822	510	7
1823	547	6
1824	475	7
1825	453	8
1826	458	4
1827	444	10
1828	465	8
1829	469	5
1830	423	3
1831	390	2
1832	456	8
1833	424	5
1834	443	6
1835	387	7
1836	402	3
1837	421	6
1838	411	6
1839	439	4
1840	336	6
1841	421	8
1842	427	6
1843	374	8
1844	384	8
1845	382	7
1846	360	9
1847	381	8
1848	356	2
1849	361	9
1850	371	8
1851	357	2
1852	358	8
1853	365	7
1854	374	6
1855	343	5
1856	357	5
1857	324	4
1858	342	10
1859	307	5
1860	324	9
1861	354	3
1862	332	4
1863	281	6
1864	352	6
1865	331	8
1866	342	2
1867	328	3
1868	315	6
1869	291	6
1870	323	8
1871	286	8
1872	332	6
1873	273	4
1874	330	5
1875	262	7
1876	312	10
1877	288	5
1878	295	2
1879	282	8
1880	267	4
1881	271	6
1882	278	8
1883	285	7
1884	269	5
1885	278	8
1886	318	8
1887	328	8
1888	260	6
1889	280	6
1890	262	8
1891	237	5
1892	262	5
1893	246	7
1894	259	8
1895	240	6
1896	261	3
1897	279	3
1898	322	7
1899	250	3
1900	244	8
1901	279	9
1902	281	3
1903	250	8
1904	259	5
1905	279	3
1906	285	8
1907	244	11
1908	261	6
1909	309	8
1910	264	5
1911	255	2
1912	276	5
1913	254	7
1914	249	8
1915	256	3
1916	272	7
1917	281	5
1918	251	6
1919	270	5
1920	253	6
1921	279	5
1922	276	12
1923	252	4
1924	271	3
1925	267	4
1926	257	5
1927	257	6
1928	312	2
1929	299	10
1930	294	11
1931	303	4
1932	265	6
1933	284	8
1934	318	8
1935	281	2
1936	315	1
1937	296	6
1938	303	8
1939	291	3
1940	339	5
1941	359	3
1942	271	6
1943	344	2
1944	300	6
1945	288	11
1946	349	7
1947	328	3
1948	333	7
1949	329	8
1950	344	7
1951	392	11
1952	334	7
1953	310	7
1954	334	7
1955	324	7
1956	353	2
1957	384	6
1958	361	3
1959	311	5
1960	367	7
1961	340	4
1962	461	7
1963	328	9
1964	346	2
1965	386	4
1966	393	4
1967	413	7
1968	366	8
1969	389	4
1970	400	4
1971	361	7
1972	396	7
1973	408	3
1974	414	3
1975	412	2
1976	385	4
1977	377	12
1978	417	3
1979	410	4
1980	397	6
1981	423	3
1982	399	3
1983	460	3
1984	356	4
1985	420	9
1986	424	1
1987	440	2
1988	411	3
1989	486	4
1990	415	3
1991	444	4
1992	424	5
1993	395	6
1994	451	6
1995	448	3
1996	455	1
1997	471	2
1998	443	3
1999	455	8
2000	428	1
2001	446	2
2002	478	3
2003	385	4
2004	472	5
2005	493	6
2006	464	3
2007	477	3
2008	459	4
2009	478	5
2010	486	7
2011	435	2
2012	459	4
2013	431	6
2014	487	4
2015	538	5
2016	384	6
2017	461	6
2018	450	5
2019	384	4
2020	417	1
2021	456	3
2022	411	0
2023	456	5
2024	444	6
2025	432	6
2026	458	5
2027	420	7
2028	428	4
2029	471	5
2030	472	5
2031	479	8
2032	405	2
2033	426	6
2034	442	5
2035	366	7
2036	441	4
2037	404	8
2038	385	5
2039	433	6
2040	397	3
2041	416	4
2042	452	6
2043	409	2
2044	378	4
2045	427	5
2046	377	3
2047	464	1
2048	283	3
2049	378	7
2050	415	8
2051	349	2
2052	344	4
2053	394	3
2054	376	4
2055	391	3
2056	356	4
2057	330	0
2058	410	4
2059	355	5
2060	342	3
2061	321	6
2062	349	8
2063	330	2
2064	323	2
2065	311	3
2066	330	6
2067	322	3
2068	316	6
2069	341	4
2070	340	6
2071	311	6
2072	283	5
2073	279	4
2074	341	7
2075	308	5
2076	313	4
2077	302	5
2078	306	3
2079	322	5
2080	308	3
2081	260	2
2082	321	7
2083	231	2
2084	305	5
2085	285	5
2086	272	2
2087	235	9
2088	300	3
2089	257	6
2090	232	3
2091	255	3
2092	252	7
2093	233	5
2094	252	4
2095	246	5
2096	246	3
2097	226	9
2098	278	4
2099	226	8
2100	241	4
2101	229	3
2102	244	7
2103	213	2
2104	205	4
2105	226	2
2106	214	1
2107	199	7
2108	206	2
2109	231	3
2110	214	3
2111	214	3
2112	237	11
2113	184	4
2114	220	5
2115	196	1
2116	193	3
2117	215	4
2118	167	5
2119	183	8
2120	198	2
2121	181	3
2122	192	3
2123	161	4
2124	188	7
2125	176	5
2126	167	2
2127	177	8
2128	201	4
2129	168	3
2130	174	5
2131	161	3
2132	160	5
2133	157	2
2134	166	7
2135	148	5
2136	166	4
2137	161	4
2138	178	2
2139	156	5
2140	154	1
2141	146	3
2142	133	3
2143	167	1
2144	135	1
2145	138	3
2146	147	3
2147	129	2
2148	122	0
2149	160	5
2150	155	2
2151	128	6
2152	131	7
2153	129	5
2154	151	8
2155	126	8
2156	140	4
2157	141	2
2158	124	6
2159	113	0
2160	140	1
2161	118	5
2162	124	1
2163	127	5
2164	137	2
2165	152	6
2166	114	3
2167	125	5
2168	133	5
2169	113	6
2170	130	3
2171	111	5
2172	129	2
2173	116	5
2174	131	3
2175	109	8
2176	152	4
2177	115	4
2178	145	4
2179	104	3
2180	120	5
2181	105	3
2182	109	9
2183	93	3
2184	117	2
2185	116	6
2186	113	6
2187	118	9
2188	105	5
2189	104	2
2190	108	6
2191	90	4
2192	127	4
2193	116	5
2194	116	4
2195	97	5
2196	118	2
2197	123	5
2198	120	3
2199	91	3
2200	98	6
2201	101	6
2202	100	2
2203	111	5
2204	97	5
2205	104	4
2206	97	5
2207	111	6
2208	113	5
2209	91	6
2210	93	6
2211	90	3
2212	101	7
2213	97	2
2214	124	5
2215	79	7
2216	98	2
2217	114	0
2218	108	2
2219	103	9
2220	98	1
2221	87	8
2222	88	2
2223	92	1
2224	89	6
2225	77	6
2226	98	2
2227	85	4
2228	88	12
2229	97	7
2230	99	6
2231	79	5
2232	96	3
2233	78	5
2234	106	5
2235	85	5
2236	81	1
2237	96	5
2238	88	3
2239	107	6
2240	80	3
2241	81	5
2242	89	6
2243	86	4
2244	81	1
2245	86	4
2246	96	4
2247	78	2
2248	80	7
2249	79	5
2250	90	2
2251	72	5
2252	86	5
2253	74	6
2254	81	6
2255	79	4
2256	76	8
2257	74	5
2258	75	2
2259	71	9
2260	79	3
2261	85	7
2262	73	5
2263	82	7
2264	84	8
2265	76	5
2266	85	5
2267	70	5
2268	75	6
2269	79	9
2270	90	10
2271	121	5
2272	72	5
2273	72	7
2274	83	2
2275	69	3
2276	73	7
2277	81	8
2278	61	6
2279	77	4
2280	77	6
2281	65	4
2282	70	5
2283	85	5
2284	69	3
2285	64	7
2286	77	5
2287	55	2
2288	60	4
2289	76	4
2290	78	6
2291	78	4
2292	85	6
2293	76	6
2294	68	6
2295	71	1
2296	75	2
2297	47	3
2298	89	6
2299	73	5
2300	62	2
2301	85	7
2302	79	9
2303	54	5
2304	85	3
2305	57	8
2306	66	3
2307	60	3
2308	65	4
2309	85	1
2310	64	6
2311	71	4
2312	62	7
2313	66	8
2314	61	3
2315	53	6
2316	57	4
2317	82	3
2318	80	2
2319	64	7
2320	67	7
2321	51	4
2322	68	3
2323	52	2
2324	64	2
2325	59	5
2326	62	7
2327	66	7
2328	66	5
2329	64	4
2330	67	5
2331	44	5
2332	70	6
2333	59	7
2334	76	3
2335	78	2
2336	76	4
2337	78	4
2338	75	5
2339	64	12
2340	72	3
2341	62	3
2342	63	3
2343	45	6
2344	49	4
2345	65	4
2346	61	1
2347	51	3
2348	57	6
2349	59	3
2350	56	4
2351	61	4
2352	49	6
2353	53	3
2354	67	4
2355	51	5
2356	57	4
2357	66	5
2358	66	1
2359	78	3
2360	58	2
2361	59	4
2362	61	5
2363	56	4
2364	56	3
2365	64	7
2366	55	4
2367	51	3
2368	56	3
2369	68	3
2370	59	3
2371	61	0
2372	61	3
2373	68	9
2374	61	6
2375	59	2
2376	49	5
2377	60	4
2378	61	4
2379	56	7
2380	51	3
2381	52	4
2382	56	3
2383	51	6
2384	56	6
2385	48	1
2386	54	2
2387	54	5
2388	52	4
2389	67	6
2390	58	3
2391	52	6
2392	53	4
2393	50	5
2394	50	3
2395	54	2
2396	62	4
2397	63	4
2398	61	2
2399	56	2
2400	58	3
2401	61	3
2402	53	2
2403	36	1
2404	48	5
2405	58	3
2406	46	4
2407	57	0
2408	55	3
2409	53	2
2410	63	4
2411	38	5
2412	54	6
2413	58	2
2414	56	4
2415	34	2
2416	47	3
2417	56	7
2418	47	3
2419	41	2
2420	51	1
2421	45	4
2422	36	3
2423	49	1
2424	64	2
2425	63	5
2426	56	6
2427	44	1
2428	43	5
2429	52	5
2430	65	1
2431	59	3
2432	49	2
2433	56	1
2434	50	1
2435	44	2
2436	53	4
2437	54	1
2438	52	4
2439	40	2
2440	57	5
2441	37	1
2442	49	1
2443	55	3
2444	48	1
2445	55	6
2446	53	5
2447	41	2
2448	55	3
2449	47	3
2450	49	5
2451	45	1
2452	50	4
2453	45	6
2454	43	2
2455	56	0
2456	51	3
2457	52	3
2458	38	5
2459	49	4
2460	61	3
2461	44	2
2462	44	2
2463	57	1
2464	51	3
2465	40	2
2466	52	4
2467	39	1
2468	43	2
2469	46	8
2470	47	0
2471	47	5
2472	56	6
2473	50	3
2474	54	1
2475	51	1
2476	45	2
2477	54	3
2478	53	2
2479	56	1
2480	48	2
2481	49	6
2482	61	4
2483	38	3
2484	44	2
2485	45	2
2486	46	0
2487	42	4
2488	52	2
2489	52	1
2490	49	3
2491	39	0
2492	45	0
2493	36	7
2494	64	0
2495	45	1
2496	50	1
2497	51	2
2498	53	5
2499	38	1
2500	54	2
2501	37	4
2502	40	3
2503	44	1
2504	35	1
2505	45	0
2506	58	1
2507	53	1
2508	41	2
2509	42	4
2510	43	4
2511	47	1
2512	38	2
2513	41	4
2514	35	0
2515	48	5
2516	39	3
2517	43	5
2518	35	2
2519	40	1
2520	45	3
2521	47	2
2522	49	3
2523	36	2
2524	49	5
2525	50	3
2526	38	2
2527	55	3
2528	37	1
2529	45	2
2530	54	3
2531	44	1
2532	35	2
2533	49	2
2534	39	3
2535	39	2
2536	43	4
2537	54	3
2538	45	5
2539	39	1
2540	45	5
2541	43	5
2542	46	2
2543	53	1
2544	33	1
2545	46	2
2546	36	1
2547	33	2
2548	46	2
2549	44	1
2550	36	6
2551	49	1
2552	40	5
2553	35	3
2554	42	2
2555	44	2
2556	39	1
2557	45	3
2558	48	4
2559	39	4
2560	31	2
2561	43	3
2562	37	1
2563	45	1
2564	40	1
2565	51	2
2566	34	2
2567	34	5
2568	32	2
2569	34	2
2570	30	1
2571	37	2
2572	46	3
2573	46	2
2574	29	3
2575	34	3
2576	47	2
2577	42	4
2578	45	3
2579	25	0
2580	42	3
2581	35	6
2582	33	4
2583	36	1
2584	40	3
2585	29	4
2586	40	0
2587	39	1
2588	34	3
2589	38	3
2590	44	2
2591	35	2
2592	48	2
2593	40	0
2594	46	5
2595	32	3
2596	46	1
2597	30	2
2598	35	1
2599	30	3
2600	41	3
2601	40	2
2602	42	1
2603	35	3
2604	40	0
2605	54	1
2606	34	4
2607	35	0
2608	30	1
2609	42	0
2610	31	3
2611	26	2
2612	35	2
2613	54	3
2614	33	3
2615	29	1
2616	29	1
2617	40	2
2618	35	1
2619	26	1
2620	34	2
2621	22	3
2622	54	2
2623	26	1
2624	36	2
2625	39	1
2626	45	2
2627	34	3
2628	34	1
2629	40	3
2630	34	5
2631	37	0
2632	30	1
2633	40	2
2634	44	1
2635	33	2
2636	20	0
2637	23	1
2638	29	2
2639	38	3
2640	37	1
2641	39	4
2642	30	4
2643	32	3
2644	38	1
2645	43	4
2646	36	7
2647	34	3
2648	38	4
2649	31	1
2650	43	4
2651	42	0
2652	40	2
2653	35	2
2654	34	1
2655	31	3
2656	25	2
2657	38	2
2658	47	2
2659	34	3
2660	25	1
2661	26	1
2662	37	0
2663	33	2
2664	43	1
2665	37	1
2666	37	3
2667	41	1
2668	36	1
2669	31	0
2670	31	1
2671	39	0
2672	34	1
2673	31	1
2674	47	2
2675	22	2
2676	43	2
2677	33	3
2678	28	0
2679	22	1
2680	27	2
2681	35	5
2682	26	0
2683	32	2
2684	32	0
2685	31	2
2686	37	3
2687	23	0
2688	29	2
2689	29	0
2690	37	6
2691	31	2
2692	22	5
2693	28	2
2694	37	4
2695	25	3
2696	31	0
2697	22	1
2698	36	0
2699	32	0
2700	26	3
2701	31	3
2702	32	0
2703	17	2
2704	34	2
2705	26	2
2706	33	1
2707	15	2
2708	37	1
2709	27	1
2710	41	1
2711	24	0
2712	28	0
2713	36	1
2714	27	3
2715	31	1
2716	27	1
2717	20	5
2718	22	1
2719	42	1
2720	32	1
2721	31	2
2722	36	0
2723	27	1
2724	36	3
2725	23	0
2726	41	4
2727	23	1
2728	27	3
2729	35	0
2730	27	3
2731	27	1
2732	27	2
2733	28	1
2734	28	3
2735	33	2
2736	21	1
2737	26	1
2738	31	5
2739	28	2
2740	26	1
2741	29	1
2742	30	1
2743	29	1
2744	25	4
2745	25	1
2746	42	2
2747	28	0
2748	25	1
2749	24	0
2750	42	2
2751	34	3
2752	29	4
2753	23	2
2754	35	2
2755	33	2
2756	21	0
2757	35	4
2758	30	1
2759	27	2
2760	27	1
2761	32	3
2762	25	1
2763	24	1
2764	28	3
2765	29	1
2766	23	2
2767	25	0
2768	20	1
2769	36	1
2770	28	3
2771	23	1
2772	30	2
2773	38	4
2774	25	1
2775	26	3
2776	29	1
2777	21	0
2778	29	2
2779	33	0
2780	39	0
2781	34	3
2782	27	1
2783	35	2
2784	34	1
2785	20	2
2786	42	0
2787	23	2
2788	29	2
2789	34	0
2790	30	1
2791	35	2
2792	30	2
2793	21	0
2794	21	1
2795	19	1
2796	34	0
2797	18	2
2798	38	1
2799	38	0
2800	16	0
2801	26	1
2802	30	6
2803	32	4
2804	25	0
2805	22	2
2806	30	1
2807	29	2
2808	25	1
2809	22	1
2810	37	1
2811	34	0
2812	25	0
2813	26	1
2814	23	0
2815	27	2
2816	24	2
2817	32	2
2818	41	0
2819	23	2
2820	30	0
2821	36	1
2822	24	0
2823	21	2
2824	28	1
2825	26	2
2826	26	1
2827	25	2
2828	20	2
2829	20	1
2830	25	4
2831	28	2
2832	33	2
2833	18	1
2834	40	0
2835	32	2
2836	30	1
2837	30	0
2838	29	0
2839	28	1
2840	25	1
2841	18	3
2842	23	1
2843	20	1
2844	27	0
2845	25	0
2846	30	0
2847	25	0
2848	26	4
2849	23	3
2850	22	3
2851	27	1
2852	20	3
2853	33	1
2854	24	0
2855	25	0
2856	25	1
2857	25	0
2858	22	0
2859	27	0
2860	27	2
2861	31	1
2862	23	0
2863	36	1
2864	19	0
2865	29	1
2866	20	1
2867	28	1
2868	26	1
2869	22	2
2870	31	0
2871	21	2
2872	25	1
2873	17	3
2874	34	1
2875	33	1
2876	22	0
2877	22	1
2878	19	1
2879	18	0
2880	30	0
2881	19	2
2882	33	0
2883	20	1
2884	23	1
2885	19	1
2886	28	0
2887	27	0
2888	17	3
2889	27	1
2890	27	0
2891	12	1
2892	23	1
2893	33	1
2894	27	0
2895	21	1
2896	30	2
2897	26	1
2898	26	0
2899	12	1
2900	32	0
2901	27	1
2902	25	1
2903	19	0
2904	21	1
2905	27	0
2906	19	2
2907	28	0
2908	31	0
2909	24	1
2910	28	0
2911	34	0
2912	27	2
2913	24	2
2914	25	1
2915	24	1
2916	25	3
2917	25	2
2918	28	2
2919	31	0
2920	30	1
2921	27	0
2922	20	1
2923	30	0
2924	13	1
2925	19	1
2926	19	2
2927	20	1
2928	27	1
2929	17	1
2930	19	1
2931	21	0
2932	35	1
2933	28	1
2934	24	0
2935	21	0
2936	22	1
2937	26	0
2938	19	3
2939	20	1
2940	25	0
2941	31	2
2942	23	3
2943	27	0
2944	28	2
2945	18	0
2946	21	0
2947	25	0
2948	20	0
2949	24	1
2950	17	0
2951	12	2
2952	20	2
2953	19	3
2954	18	3
2955	19	0
2956	24	1
2957	22	0
2958	22	0
2959	24	1
2960	26	2
2961	19	1
2962	28	0
2963	19	1
2964	27	1
2965	30	0
2966	21	0
2967	29	0
2968	17	0
2969	13	0
2970	25	3
2971	18	3
2972	26	1
2973	23	0
2974	26	3
2975	21	2
2976	24	2
2977	19	3
2978	22	3
2979	23	2
2980	23	0
2981	20	0
2982	30	0
2983	22	1
2984	20	0
2985	26	2
2986	26	2
2987	19	1
2988	24	0
2989	17	3
2990	20	3
2991	20	0
2992	31	1
2993	16	1
2994	29	0
2995	22	2
2996	24	0
2997	25	2
2998	25	0
2999	32	2
3000	20	0
3001	24	3
3002	32	0
3003	27	1
3004	15	0
3005	21	1
3006	16	0
3007	18	0
3008	18	1
3009	16	0
3010	18	0
3011	28	2
3012	25	2
3013	23	4
3014	16	0
3015	18	1
3016	23	2
3017	11	2
3018	20	1
3019	16	1
3020	21	2
3021	28	2
3022	21	1
3023	25	0
3024	26	2
3025	15	0
3026	23	0
3027	24	1
3028	26	0
3029	23	2
3030	20	0
3031	16	4
3032	21	0
3033	21	1
3034	21	1
3035	13	2
3036	15	0
3037	29	1
3038	16	0
3039	19	1
3040	23	0
3041	21	1
3042	27	2
3043	15	0
3044	22	0
3045	19	1
3046	16	0
3047	22	1
3048	14	1
3049	14	1
3050	21	0
3051	20	2
3052	32	1
3053	26	1
3054	22	0
3055	15	1
3056	21	0
3057	23	2
3058	14	0
3059	14	1
3060	20	0
3061	14	0
3062	26	3
3063	9	1
3064	12	1
3065	28	2
3066	15	1
3067	22	1
3068	15	1
3069	21	3
3070	17	2
3071	21	2
3072	24	2
3073	18	2
3074	25	0
3075	14	1
3076	21	2
3077	11	1
3078	15	1
3079	15	2
3080	26	2
3081	19	1
3082	21	1
3083	21	1
3084	17	1
3085	22	2
3086	26	0
3087	13	0
3088	17	4
3089	16	1
3090	18	1
3091	19	4
3092	17	1
3093	15	2
3094	24	3
3095	28	1
3096	14	1
3097	28	0
3098	29	0
3099	12	1
3100	17	0
3101	19	2
3102	18	2
3103	16	1
3104	22	1
3105	20	0
3106	21	0
3107	19	0
3108	28	0
3109	19	0
3110	25	1
3111	13	1
3112	18	1
3113	14	2
3114	19	1
3115	18	0
3116	13	1
3117	28	0
3118	22	2
3119	22	1
3120	13	2
3121	14	2
3122	19	3
3123	21	0
3124	26	0
3125	16	3
3126	19	1
3127	16	2
3128	22	1
3129	18	1
3130	19	1
3131	22	0
3132	19	1
3133	21	2
3134	18	0
3135	19	1
3136	16	0
3137	18	2
3138	18	0
3139	20	1
3140	19	0
3141	21	0
3142	6	1
3143	11	1
3144	16	0
3145	17	1
3146	15	1
3147	16	0
3148	21	1
3149	20	1
3150	14	0
3151	21	0
3152	21	1
3153	16	1
3154	18	1
3155	19	2
3156	20	1
3157	16	0
3158	15	0
3159	22	1
3160	14	2
3161	17	0
3162	22	1
3163	26	0
3164	22	1
3165	23	1
3166	23	0
3167	24	1
3168	16	1
3169	16	0
3170	22	2
3171	14	0
3172	12	1
3173	9	4
3174	15	2
3175	22	1
3176	15	1
3177	22	2
3178	10	2
3179	18	2
3180	19	1
3181	23	2
3182	22	1
3183	18	0
3184	21	2
3185	21	1
3186	21	2
3187	15	1
3188	11	0
3189	22	0
3190	18	1
3191	15	0
3192	12	0
3193	15	1
3194	14	1
3195	19	1
3196	16	3
3197	15	1
3198	16	0
3199	5	1
3200	28	2
3201	18	1
3202	22	1
3203	16	0
3204	19	0
3205	14	2
3206	21	0
3207	22	2
3208	19	2
3209	15	1
3210	19	4
3211	19	0
3212	15	2
3213	23	2
3214	18	1
3215	18	1
3216	18	2
3217	17	5
3218	24	0
3219	17	1
3220	22	0
3221	9	0
3222	12	2
3223	16	0
3224	14	0
3225	13	2
3226	16	1
3227	22	2
3228	21	1
3229	16	0
3230	14	2
3231	23	1
3232	24	0
3233	19	0
3234	11	1
3235	14	0
3236	20	1
3237	10	1
3238	20	0
3239	16	0
3240	11	0
3241	17	1
3242	24	1
3243	16	1
3244	21	1
3245	20	0
3246	16	0
3247	14	0
3248	16	1
3249	14	1
3250	18	0
3251	18	0
3252	16	1
3253	17	1
3254	12	0
3255	17	0
3256	8	0
3257	13	0
3258	18	3
3259	24	0
3260	11	1
3261	21	2
3262	20	1
3263	11	1
3264	16	2
3265	18	1
3266	21	1
3267	12	0
3268	16	0
3269	13	0
3270	21	1
3271	14	2
3272	25	0
3273	11	0
3274	21	1
3275	17	1
3276	21	0
3277	17	0
3278	21	0
3279	10	0
3280	14	2
3281	13	3
3282	17	2
3283	11	1
3284	24	0
3285	14	3
3286	21	1
3287	10	0
3288	15	1
3289	14	1
3290	11	2
3291	17	1
3292	15	0
3293	13	1
3294	16	1
3295	15	0
3296	21	1
3297	7	1
3298	17	1
3299	21	0
3300	13	3
3301	21	0
3302	19	1
3303	20	0
3304	18	1
3305	13	0
3306	18	1
3307	14	1
3308	15	1
3309	17	0
3310	10	2
3311	21	0
3312	10	1
3313	18	1
3314	13	2
3315	18	1
3316	19	1
3317	8	0
3318	11	0
3319	20	3
3320	17	0
3321	18	1
3322	24	0
3323	10	0
3324	14	1
3325	19	1
3326	12	1
3327	11	1
3328	16	1
3329	14	1
3330	13	2
3331	19	2
3332	17	1
3333	15	1
3334	12	0
3335	10	3
3336	15	0
3337	12	1
3338	14	0
3339	8	1
3340	17	0
3341	10	3
3342	10	1
3343	6	1
3344	24	0
3345	20	1
3346	17	2
3347	11	1
3348	9	2
3349	14	0
3350	16	0
3351	11	0
3352	8	0
3353	14	5
3354	13	3
3355	18	0
3356	16	2
3357	12	0
3358	18	1
3359	15	2
3360	18	0
3361	5	1
3362	17	1
3363	14	1
3364	15	0
3365	20	0
3366	6	1
3367	12	3
3368	10	0
3369	13	3
3370	20	1
3371	9	1
3372	14	3
3373	8	2
3374	15	0
3375	10	2
3376	12	1
3377	16	1
3378	9	2
3379	11	2
3380	14	0
3381	17	2
3382	15	0
3383	9	0
3384	13	0
3385	7	1
3386	6	2
3387	11	1
3388	13	1
3389	15	0
3390	5	1
3391	13	0
3392	10	0
3393	18	1
3394	13	1
3395	15	0
3396	14	2
3397	12	0
3398	14	1
3399	6	0
3400	8	0
3401	14	1
3402	10	3
3403	15	0
3404	14	1
3405	10	0
3406	9	0
3407	12	1
3408	12	2
3409	5	1
3410	13	0
3411	12	1
3412	11	2
3413	4	1
3414	15	0
3415	8	1
3416	12	2
3417	9	1
3418	14	2
3419	8	4
3420	15	3
3421	11	1
3422	11	0
3423	8	0
3424	12	0
3425	18	1
3426	9	1
3427	9	0
3428	14	1
3429	9	3
3430	10	0
3431	12	0
3432	12	0
3433	13	0
3434	9	0
3435	7	0
3436	12	0
3437	10	0
3438	6	1
3439	14	1
3440	9	0
3441	12	0
3442	10	2
3443	8	2
3444	12	0
3445	10	0
3446	7	2
3447	14	0
3448	8	1
3449	7	0
3450	6	0
3451	12	3
3452	10	0
3453	12	0
3454	7	0
3455	13	0
3456	7	1
3457	7	0
3458	10	2
3459	13	0
3460	16	0
3461	9	1
3462	8	0
3463	7	0
3464	6	2
3465	9	0
3466	12	2
3467	10	0
3468	15	0
3469	12	0
3470	11	0
3471	10	0
3472	11	1
3473	10	0
3474	10	1
3475	5	1
3476	12	1
3477	8	0
3478	9	1
3479	9	1
3480	9	1
3481	8	2
3482	10	0
3483	13	2
3484	10	0
3485	8	0
3486	12	1
3487	8	0
3488	9	1
3489	11	0
3490	6	1
3491	6	2
3492	9	1
3493	11	0
3494	11	0
3495	7	1
3496	14	0
3497	5	1
3498	10	0
3499	14	0
3500	14	1
3501	8	2
3502	10	0
3503	10	0
3504	6	3
3505	6	0
3506	6	1
3507	11	3
3508	15	0
3509	7	0
3510	9	1
3511	11	0
3512	5	1
3513	9	0
3514	12	1
3515	9	0
3516	6	0
3517	12	1
3518	4	0
3519	9	1
3520	5	0
3521	16	0
3522	14	0
3523	8	1
3524	8	2
3525	8	0
3526	12	0
3527	11	1
3528	11	2
3529	5	0
3530	12	3
3531	11	1
3532	11	1
3533	9	0
3534	6	0
3535	6	0
3536	7	0
3537	11	2
3538	6	1
3539	10	0
3540	14	0
3541	5	0
3542	14	1
3543	8	0
3544	7	1
3545	9	1
3546	7	1
3547	8	1
3548	14	3
3549	11	0
3550	8	1
3551	15	1
3552	11	0
3553	10	0
3554	5	0
3555	9	3
3556	12	0
3557	11	1
3558	4	0
3559	6	0
3560	6	1
3561	10	0
3562	4	1
3563	7	0
3564	8	1
3565	6	0
3566	13	0
3567	12	0
3568	9	1
3569	15	0
3570	8	0
3571	6	0
3572	10	2
3573	11	2
3574	5	0
3575	8	0
3576	1	0
3577	8	1
3578	8	0
3579	6	1
3580	6	0
3581	6	0
3582	11	0
3583	11	1
3584	10	2
3585	8	0
3586	14	0
3587	6	1
3588	6	3
3589	13	0
3590	15	1
3591	9	1
3592	13	0
3593	14	2
3594	5	0
3595	8	0
3596	9	0
3597	14	0
3598	8	0
3599	8	0
3600	15	0
3601	7	1
3602	6	1
3603	7	1
3604	9	2
3605	11	0
3606	8	2
3607	7	0
3608	7	2
3609	7	0
3610	4	0
3611	9	1
3612	6	0
3613	8	0
3614	13	1
3615	7	0
3616	7	0
3617	9	0
3618	5	1
3619	9	0
3620	10	1
3621	9	0
3622	13	0
3623	11	0
3624	5	0
3625	5	0
3626	9	0
3627	12	0
3628	13	0
3629	12	0
3630	13	0
3631	12	0
3632	15	0
3633	11	1
3634	12	1
3635	12	1
3636	9	0
3637	11	0
3638	9	0
3639	9	1
3640	13	0
3641	11	1
3642	10	0
3643	8	1
3644	12	0
3645	13	2
3646	10	0
3647	5	1
3648	13	1
3649	13	1
3650	14	4
3651	8	0
3652	8	1
3653	9	0
3654	16	0
3655	8	0
3656	9	0
3657	11	1
3658	9	0
3659	5	1
3660	9	0
3661	11	2
3662	11	0
3663	5	1
3664	12	1
3665	6	3
3666	19	0
3667	15	0
3668	12	0
3669	11	2
3670	14	0
3671	8	0
3672	9	0
3673	8	0
3674	9	0
3675	7	0
3676	12	0
3677	13	0
3678	21	0
3679	7	0
3680	8	0
3681	10	0
3682	15	0
3683	9	0
3684	15	0
3685	9	0
3686	7	0
3687	10	0
3688	11	0
3689	7	0
3690	11	0
3691	8	0
3692	12	1
3693	7	0
3694	18	1
3695	8	0
3696	8	0
3697	7	0
3698	11	0
3699	7	1
3700	3	2
3701	13	2
3702	14	2
3703	19	0
3704	13	0
3705	6	2
3706	12	0
3707	11	2
3708	9	0
3709	3	0
3710	17	1
3711	6	0
3712	10	0
3713	8	0
3714	9	1
3715	9	1
3716	9	1
3717	8	1
3718	9	1
3719	11	2
3720	12	2
3721	10	1
3722	8	2
3723	7	0
3724	8	2
3725	13	1
3726	13	4
3727	7	2
3728	11	0
3729	14	0
3730	6	0
3731	7	2
3732	8	0
3733	9	0
3734	16	1
3735	10	1
3736	8	0
3737	9	0
3738	8	1
3739	5	0
3740	16	1
3741	11	0
3742	5	0
3743	8	2
3744	8	1
3745	7	0
3746	13	0
3747	10	0
3748	13	1
3749	11	0
3750	9	1
3751	10	0
3752	7	1
3753	11	0
3754	8	0
3755	5	0
3756	9	0
3757	11	1
3758	9	1
3759	9	1
3760	5	1
3761	11	0
3762	9	1
3763	11	0
3764	8	0
3765	6	0
3766	6	0
3767	9	0
3768	8	0
3769	7	0
3770	9	0
3771	9	0
3772	6	1
3773	6	1
3774	9	0
3775	7	0
3776	3	0
3777	11	0
3778	7	1
3779	9	1
3780	10	0
3781	5	0
3782	15	0
3783	8	0
3784	5	0
3785	8	0
3786	7	1
3787	10	1
3788	10	0
3789	8	1
3790	8	0
3791	13	0
3792	8	0
3793	5	0
3794	6	0
3795	14	0
3796	9	1
3797	14	0
3798	6	1
3799	4	1
3800	13	0
3801	12	0
3802	7	1
3803	9	0
3804	6	1
3805	10	0
3806	7	0
3807	10	1
3808	2	1
3809	6	0
3810	3	0
3811	3	0
3812	7	0
3813	9	0
3814	6	0
3815	2	0
3816	6	1
3817	3	0
3818	6	1
3819	2	0
3820	5	1
3821	2	1
3822	6	0
3823	9	0
3824	4	0
3825	4	0
3826	3	1
3827	7	0
3828	3	0
3829	4	1
3830	7	1
3831	10	1
3832	7	0
3833	4	1
3834	4	1
3835	5	0
3836	7	1
3837	4	0
3838	6	0
3839	10	0
3840	6	1
3841	7	0
3842	3	0
3843	2	1
3844	7	2
3845	6	1
3846	6	1
3847	7	0
3848	3	0
3849	1	0
3850	4	0
3851	2	0
3852	4	1
3853	3	0
3854	7	2
3855	2	0
3856	3	0
3857	3	1
3858	2	1
3859	5	0
3860	3	1
3861	6	0
3862	3	0
3863	6	0
3864	5	1
3865	1	1
3866	8	0
3867	5	0
3868	7	0
3869	5	0
3870	2	0
3871	3	0
3872	6	0
3873	4	0
3874	3	0
3875	2	0
3876	1	0
3877	10	0
3878	5	0
3879	7	0
3880	3	0
3881	3	0
3882	5	0
3883	2	0
3884	7	0
3885	4	1
3886	2	1
3887	8	0
3888	4	0
3889	5	0
3890	3	0
3891	5	1
3892	7	0
3893	3	0
3894	3	2
3895	3	0
3896	0	1
3897	2	0
3898	2	0
3899	1	0
3900	6	1
3901	2	0
3902	1	0
3903	1	1
3904	6	0
3905	4	1
3906	5	0
3907	10	0
3908	7	0
3909	2	0
3910	6	0
3911	4	1
3912	2	0
3913	6	2
3914	4	0
3915	3	0
3916	1	0
3917	2	0
3918	3	0
3919	2	0
3920	4	0
3921	2	0
3922	8	1
3923	7	1
3924	2	0
3925	2	0
3926	2	0
3927	6	0
3928	4	0
3929	3	1
3930	2	1
3931	4	0
3932	4	0
3933	3	0
3934	4	0
3935	4	1
3936	6	0
3937	1	0
3938	2	0
3939	1	0
3940	8	0
3941	2	0
3942	6	0
3943	4	0
3944	2	1
3945	3	1
3946	3	1
3947	4	0
3948	7	0
3949	10	2
3950	4	0
3951	4	1
3952	3	0
3953	5	0
3954	2	0
3955	1	0
3956	2	0
3957	3	1
3958	1	0
3959	5	0
3960	2	0
3961	3	1
3962	2	1
3963	1	0
3964	3	0
3965	1	0
3966	6	0
3967	6	0
3968	3	0
3969	5	0
3970	6	1
3971	5	0
3972	4	0
3973	1	0
3974	3	0
3975	4	0
3976	5	0
3977	2	1
3978	3	0
3979	5	1
3980	4	0
3981	3	0
3982	1	0
3983	0	0
3984	4	1
3985	4	0
3986	3	0
3987	6	0
3988	4	0
3989	7	0
3990	6	0
3991	2	0
3992	5	0
3993	2	1
3994	2	0
3995	2	1
3996	1	1
3997	2	1
3998	3	0
3999	5	1
4000	6	0
