#Position, Run #12
#Time ( s )	Position ( m )
7,9200	-0,092
7,9600	-0,084
8,0000	-0,075
8,0400	-0,065
8,0800	-0,053
8,1200	-0,040
8,1600	-0,027
8,2000	-0,013
8,2400	0,001
8,2800	0,015
8,3200	0,028
8,3600	0,041
8,4000	0,053
8,4400	0,064
8,4800	0,074
8,5200	0,082
8,5600	0,088
8,6000	0,093
8,6400	0,095
8,6800	0,096
8,7200	0,095
8,7600	0,091
8,8000	0,086
8,8400	0,080
8,8800	0,071
8,9200	0,062
8,9600	0,051
9,0000	0,039
9,0400	0,027
9,0800	0,014
9,1200	4,167E-4
9,1600	-0,013
9,2000	-0,025
9,2400	-0,038
9,2800	-0,049
9,3200	-0,059
9,3600	-0,068
9,4000	-0,076
9,4400	-0,083
9,4800	-0,087
9,5200	-0,090
9,5600	-0,090
9,6000	-0,090
9,6400	-0,087
9,6800	-0,083
9,7200	-0,077
9,7600	-0,069
9,8000	-0,060
9,8400	-0,050
9,8800	-0,039
9,9200	-0,028
9,9600	-0,015
10,0000	-0,003
10,0400	0,009
10,0800	0,021
10,1200	0,032
10,1600	0,043
10,2000	0,053
10,2400	0,062
10,2800	0,070
10,3200	0,075
10,3600	0,080
10,4000	0,083
10,4400	0,084
10,4800	0,083
10,5200	0,081
10,5600	0,077
10,6000	0,072
10,6400	0,065
10,6800	0,057
10,7200	0,048
10,7600	0,038
10,8000	0,027
10,8400	0,016
10,8800	0,004
10,9200	-0,007
10,9600	-0,019
11,0000	-0,030
11,0400	-0,040
11,0800	-0,049
11,1200	-0,058
11,1600	-0,065
11,2000	-0,070
11,2400	-0,075
11,2800	-0,078
11,3200	-0,079
11,3600	-0,079
11,4000	-0,077
11,4400	-0,074
11,4800	-0,069
11,5200	-0,063
11,5600	-0,055
11,6000	-0,047
11,6400	-0,038
11,6800	-0,028
11,7200	-0,017
11,7600	-0,007
11,8000	0,004
11,8400	0,015
11,8800	0,025
11,9200	0,035
11,9600	0,043
12,0000	0,052
12,0400	0,058
12,0800	0,064
12,1200	0,068
12,1600	0,071
12,2000	0,073
12,2400	0,073
12,2800	0,072
12,3200	0,069
12,3600	0,065
12,4000	0,059
12,4400	0,052
12,4800	0,045
12,5200	0,036
12,5600	0,027
12,6000	0,018
12,6400	0,008
12,6800	-0,003
12,7200	-0,013
12,7600	-0,022
12,8000	-0,031
12,8400	-0,040
12,8800	-0,047
12,9200	-0,054
12,9600	-0,060
13,0000	-0,064
13,0400	-0,067
13,0800	-0,068
13,1200	-0,069
13,1600	-0,068
13,2000	-0,065
13,2400	-0,061
13,2800	-0,056
13,3200	-0,050
13,3600	-0,043
13,4000	-0,035
13,4400	-0,027
13,4800	-0,018
13,5200	-0,009
13,5600	4,167E-4
13,6000	0,010
13,6400	0,018
13,6800	0,027
13,7200	0,035
13,7600	0,042
13,8000	0,048
13,8400	0,054
13,8800	0,058
13,9200	0,061
13,9600	0,063
14,0000	0,063
14,0400	0,062
14,0800	0,060
14,1200	0,057
14,1600	0,052
14,2000	0,047
14,2400	0,041
14,2800	0,034
14,3200	0,026
14,3600	0,018
14,4000	0,010
14,4400	0,001
14,4800	-0,008
14,5200	-0,016
14,5600	-0,024
14,6000	-0,031
14,6400	-0,038
14,6800	-0,044
14,7200	-0,050
14,7600	-0,054
14,8000	-0,057
14,8400	-0,058
14,8800	-0,059
14,9200	-0,058
14,9600	-0,057
15,0000	-0,054
15,0400	-0,050
15,0800	-0,045
15,1200	-0,040
15,1600	-0,033
15,2000	-0,026
15,2400	-0,018
15,2800	-0,011
15,3200	-0,003
15,3600	0,005
15,4000	0,013
15,4400	0,020
15,4800	0,027
15,5200	0,034
15,5600	0,039
15,6000	0,044
15,6400	0,048
15,6800	0,051
15,7200	0,052
15,7600	0,053
15,8000	0,053
15,8400	0,052
15,8800	0,049
15,9200	0,046
15,9600	0,042
16,0000	0,036
16,0400	0,031
16,0800	0,024
16,1200	0,018
16,1600	0,010
16,2000	0,003
16,2400	-0,004
16,2800	-0,011
16,3200	-0,018
16,3600	-0,025
16,4000	-0,031
16,4400	-0,036
16,4800	-0,040
16,5200	-0,044
16,5600	-0,047
16,6000	-0,049
16,6400	-0,050
16,6800	-0,050
16,7200	-0,048
16,7600	-0,046
16,8000	-0,043
16,8400	-0,039
16,8800	-0,035
16,9200	-0,030
16,9600	-0,024
17,0000	-0,018
17,0400	-0,011
17,0800	-0,004
17,1200	0,003
17,1600	0,009
17,2000	0,015
17,2400	0,021
17,2800	0,027
17,3200	0,032
17,3600	0,036
17,4000	0,040
17,4400	0,042
17,4800	0,044
17,5200	0,045
17,5600	0,045
17,6000	0,044
17,6400	0,042
17,6800	0,040
17,7200	0,036
17,7600	0,032
17,8000	0,027
17,8400	0,022
17,8800	0,016
17,9200	0,010
17,9600	0,004
18,0000	-0,002
18,0400	-0,008
18,0800	-0,014
18,1200	-0,019
18,1600	-0,024
18,2000	-0,029
18,2400	-0,033
18,2800	-0,036
18,3200	-0,039
18,3600	-0,040
18,4000	-0,041
18,4400	-0,042
18,4800	-0,041
18,5200	-0,039
18,5600	-0,037
18,6000	-0,034
18,6400	-0,030
18,6800	-0,026
18,7200	-0,021
18,7600	-0,016
18,8000	-0,011
18,8400	-0,005
18,8800	4,167E-4
18,9200	0,006
18,9600	0,011
19,0000	0,016
19,0400	0,021
19,0800	0,025
19,1200	0,029
19,1600	0,032
19,2000	0,034
19,2400	0,036
19,2800	0,037
19,3200	0,037
19,3600	0,036
19,4000	0,035
19,4400	0,033
19,4800	0,030
19,5200	0,027
19,5600	0,023
19,6000	0,019
19,6400	0,014
19,6800	0,010
19,7200	0,005
19,7600	-4,167E-4
19,8000	-0,005
19,8400	-0,010
19,8800	-0,015
19,9200	-0,019
19,9600	-0,023
20,0000	-0,027
20,0400	-0,029
20,0800	-0,032
20,1200	-0,033
20,1600	-0,034
20,2000	-0,034
20,2400	-0,034
20,2800	-0,032
20,3200	-0,030
20,3600	-0,028
20,4000	-0,025
20,4400	-0,022
20,4800	-0,018
20,5200	-0,014
20,5600	-0,010
20,6000	-0,005
20,6400	-8,333E-4
20,6800	0,004
20,7200	0,008
20,7600	0,012
20,8000	0,016
20,8400	0,020
20,8800	0,023
20,9200	0,025
20,9600	0,028
21,0000	0,029
21,0400	0,030
21,0800	0,030
21,1200	0,030
21,1600	0,029
21,2000	0,027
21,2400	0,025
21,2800	0,023
21,3200	0,020
21,3600	0,016
21,4000	0,013
21,4400	0,009
21,4800	0,005
21,5200	4,167E-4
21,5600	-0,003
21,6000	-0,008
21,6400	-0,011
21,6800	-0,015
21,7200	-0,018
21,7600	-0,021
21,8000	-0,023
21,8400	-0,025
21,8800	-0,026
21,9200	-0,027
21,9600	-0,027
22,0000	-0,027
22,0400	-0,026
22,0800	-0,025
22,1200	-0,023
22,1600	-0,021
22,2000	-0,018
22,2400	-0,015
22,2800	-0,012
22,3200	-0,008
22,3600	-0,005
22,4000	-0,001
22,4400	0,003
22,4800	0,006
22,5200	0,009
22,5600	0,012
22,6000	0,015
22,6400	0,018
22,6800	0,020
22,7200	0,021
22,7600	0,023
22,8000	0,023
22,8400	0,023
22,8800	0,023
22,9200	0,023
22,9600	0,021
23,0000	0,020
23,0400	0,018
23,0800	0,015
23,1200	0,013
23,1600	0,010
23,2000	0,007
23,2400	0,004
23,2800	4,167E-4
23,3200	-0,003
23,3600	-0,006
23,4000	-0,009
23,4400	-0,011
23,4800	-0,014
23,5200	-0,016
23,5600	-0,018
23,6000	-0,020
23,6400	-0,020
23,6800	-0,021
23,7200	-0,021
23,7600	-0,021
23,8000	-0,020
23,8400	-0,020
23,8800	-0,018
23,9200	-0,016
23,9600	-0,014
24,0000	-0,012
24,0400	-0,010
24,0800	-0,007
24,1200	-0,004
24,1600	-0,001
24,2000	0,002
24,2400	0,004
24,2800	0,007
24,3200	0,009
24,3600	0,011
24,4000	0,013
24,4400	0,015
24,4800	0,016
24,5200	0,017
24,5600	0,018
24,6000	0,018
24,6400	0,018
24,6800	0,017
24,7200	0,016
24,7600	0,015
24,8000	0,013
24,8400	0,012
24,8800	0,010
24,9200	0,008
24,9600	0,005
25,0000	0,003
25,0400	4,167E-4
25,0800	-0,002
25,1200	-0,004
25,1600	-0,007
25,2000	-0,009
25,2400	-0,010
25,2800	-0,012
25,3200	-0,013
25,3600	-0,015
25,4000	-0,015
25,4400	-0,015
25,4800	-0,016
25,5200	-0,015
25,5600	-0,015
25,6000	-0,014
25,6400	-0,013
25,6800	-0,012
25,7200	-0,010
25,7600	-0,008
25,8000	-0,007
25,8400	-0,005
25,8800	-0,003
25,9200	-8,333E-4
25,9600	0,001
26,0000	0,003
26,0400	0,005
26,0800	0,007
26,1200	0,008
26,1600	0,010
26,2000	0,011
26,2400	0,012
26,2800	0,012
26,3200	0,013
26,3600	0,013
26,4000	0,013
26,4400	0,012
26,4800	0,011
26,5200	0,010
26,5600	0,009
26,6000	0,008
26,6400	0,007
26,6800	0,005
26,7200	0,003
26,7600	0,002
26,8000	0,000
26,8400	-0,002
26,8800	-0,003
26,9200	-0,005
26,9600	-0,006
27,0000	-0,008
27,0400	-0,009
27,0800	-0,010
27,1200	-0,010
27,1600	-0,011
27,2000	-0,011
27,2400	-0,011
27,2800	-0,011
27,3200	-0,010
27,3600	-0,010
27,4000	-0,009
27,4400	-0,008
27,4800	-0,007
27,5200	-0,006
27,5600	-0,005
27,6000	-0,003
27,6400	-0,002
27,6800	-4,167E-4
27,7200	8,333E-4
27,7600	0,002
27,8000	0,003
27,8400	0,005
27,8800	0,005
27,9200	0,006
27,9600	0,007
28,0000	0,008
28,0400	0,008
28,0800	0,008
28,1200	0,008
28,1600	0,008
28,2000	0,008
28,2400	0,007
28,2800	0,006
28,3200	0,005
28,3600	0,005
28,4000	0,004
28,4400	0,003
28,4800	0,002
28,5200	4,167E-4
28,5600	-4,167E-4
28,6000	-0,002
28,6400	-0,003
28,6800	-0,003
28,7200	-0,005
28,7600	-0,005
28,8000	-0,006
28,8400	-0,006
28,8800	-0,007
28,9200	-0,007
28,9600	-0,007
29,0000	-0,007
29,0400	-0,007
29,0800	-0,006
29,1200	-0,006
29,1600	-0,005
29,2000	-0,005
29,2400	-0,004
29,2800	-0,003
29,3200	-0,002
29,3600	-0,002
29,4000	-8,333E-4
29,4400	0,000
29,4800	8,333E-4
29,5200	0,002
29,5600	0,002
29,6000	0,003
29,6400	0,003
29,6800	0,004
29,7200	0,004
29,7600	0,004
29,8000	0,005
29,8400	0,005
29,8800	0,004
29,9200	0,004
29,9600	0,004
30,0000	0,003
30,0400	0,003
30,0800	0,003
30,1200	0,002
30,1600	0,001
30,2000	8,333E-4
30,2400	4,167E-4
30,2800	-4,167E-4
30,3200	-8,333E-4
30,3600	-0,001
30,4000	-0,002
30,4400	-0,003
30,4800	-0,003
30,5200	-0,003
30,5600	-0,003
30,6000	-0,003
30,6400	-0,003
30,6800	-0,003
30,7200	-0,003
30,7600	-0,003
30,8000	-0,003
30,8400	-0,003
30,8800	-0,003
30,9200	-0,003
30,9600	-0,002
31,0000	-0,002
31,0400	-0,001
31,0800	-8,333E-4
31,1200	-4,167E-4
31,1600	0,000
31,2000	4,167E-4
31,2400	4,167E-4
31,2800	8,333E-4
31,3200	0,001
31,3600	0,001
31,4000	0,001
31,4400	0,002
31,4800	0,002
31,5200	0,002
31,5600	0,002
31,6000	0,001
31,6400	0,001
31,6800	0,001
31,7200	8,333E-4
31,7600	8,333E-4
31,8000	4,167E-4
31,8400	4,167E-4
31,8800	0,000
31,9200	0,000
31,9600	-4,167E-4
32,0000	-4,167E-4
32,0400	-8,333E-4
32,0800	-8,333E-4
32,1200	-0,001
32,1600	-0,001
32,2000	-0,001
32,2400	-0,001
32,2800	-0,001
32,3200	-0,001
32,3600	-0,001
32,4000	-0,001
32,4400	-0,001
32,4800	-0,001
32,5200	-0,001
32,5600	-8,333E-4
32,6000	-8,333E-4
32,6400	-8,333E-4
32,6800	-4,167E-4
32,7200	-4,167E-4
32,7600	-4,167E-4
32,8000	-4,167E-4
32,8400	0,000
32,8800	0,000
32,9200	0,000
32,9600	0,000
33,0000	0,000
33,0400	0,000
33,0800	0,000
33,1200	0,000
33,1600	0,000
33,2000	0,000
33,2400	0,000
33,2800	0,000
33,3200	0,000
33,3600	0,000
33,4000	0,000
33,4400	-4,167E-4
33,4800	-4,167E-4
33,5200	-4,167E-4
33,5600	-4,167E-4
33,6000	-4,167E-4
33,6400	-4,167E-4
33,6800	-4,167E-4
33,7200	-4,167E-4
33,7600	-4,167E-4
33,8000	-4,167E-4
33,8400	-4,167E-4
33,8800	-4,167E-4
33,9200	-4,167E-4
33,9600	-4,167E-4
34,0000	-4,167E-4
34,0400	-4,167E-4
34,0800	-4,167E-4
34,1200	-4,167E-4
34,1600	-4,167E-4
34,2000	-4,167E-4
34,2400	-4,167E-4
34,2800	-4,167E-4
34,3200	-4,167E-4
34,3600	-4,167E-4
34,4000	-4,167E-4
34,4400	-4,167E-4
34,4800	-4,167E-4
34,5200	-4,167E-4
34,5600	-4,167E-4
34,6000	-4,167E-4
34,6400	-4,167E-4
34,6800	-4,167E-4
34,7200	-4,167E-4
34,7600	-4,167E-4
34,8000	-4,167E-4
34,8400	-4,167E-4
34,8800	-4,167E-4
34,9200	-4,167E-4
34,9600	-4,167E-4
35,0000	-4,167E-4
35,0400	-4,167E-4
35,0800	-4,167E-4
35,1200	-4,167E-4
35,1600	-4,167E-4
35,2000	-4,167E-4
35,2400	-4,167E-4
35,2800	-4,167E-4
35,3200	-4,167E-4
35,3600	-4,167E-4
35,4000	-4,167E-4
35,4400	-4,167E-4
35,4800	-4,167E-4
35,5200	-4,167E-4
35,5600	-4,167E-4
35,6000	-4,167E-4
35,6400	-4,167E-4
35,6800	-4,167E-4
35,7200	-4,167E-4
35,7600	-4,167E-4
35,8000	-4,167E-4
35,8400	-4,167E-4
35,8800	-4,167E-4
35,9200	-4,167E-4
35,9600	-4,167E-4
36,0000	-4,167E-4
36,0400	-4,167E-4
36,0800	-4,167E-4
36,1200	-4,167E-4
36,1600	-4,167E-4
36,2000	-4,167E-4
36,2400	-4,167E-4
36,2800	-4,167E-4
36,3200	-4,167E-4
36,3600	-4,167E-4
36,4000	-4,167E-4
36,4400	-4,167E-4
36,4800	-4,167E-4
36,5200	-4,167E-4
36,5600	-4,167E-4
36,6000	-4,167E-4
36,6400	-4,167E-4
36,6800	-4,167E-4
36,7200	-4,167E-4
36,7600	-4,167E-4
36,8000	-4,167E-4
36,8400	-4,167E-4
36,8800	-4,167E-4
36,9200	-4,167E-4
36,9600	-4,167E-4
37,0000	-4,167E-4
37,0400	-4,167E-4
37,0800	-4,167E-4
37,1200	-4,167E-4
37,1600	-4,167E-4
37,2000	-4,167E-4
37,2400	-4,167E-4
37,2800	-4,167E-4
37,3200	-4,167E-4
37,3600	-4,167E-4
37,4000	-4,167E-4
37,4400	-4,167E-4
37,4800	-4,167E-4
37,5200	-4,167E-4
37,5600	-4,167E-4
37,6000	-4,167E-4
37,6400	-4,167E-4
37,6800	-4,167E-4
37,7200	-4,167E-4
37,7600	-4,167E-4
37,8000	-4,167E-4
37,8400	-4,167E-4
37,8800	-4,167E-4
37,9200	-4,167E-4
37,9600	-4,167E-4
38,0000	-4,167E-4
38,0400	-4,167E-4
38,0800	-4,167E-4
38,1200	-4,167E-4
38,1600	-4,167E-4
38,2000	-4,167E-4
38,2400	-4,167E-4
38,2800	-4,167E-4
38,3200	-4,167E-4
38,3600	-4,167E-4
38,4000	-4,167E-4
38,4400	-4,167E-4
38,4800	-4,167E-4
38,5200	-4,167E-4
38,5600	-4,167E-4
38,6000	-4,167E-4
38,6400	-4,167E-4
38,6800	-4,167E-4
38,7200	-4,167E-4
38,7600	-4,167E-4
38,8000	-4,167E-4
38,8400	-4,167E-4
38,8800	-4,167E-4
38,9200	-4,167E-4
38,9600	-4,167E-4
39,0000	-4,167E-4
39,0400	-4,167E-4
39,0800	-4,167E-4
39,1200	-4,167E-4
39,1600	-4,167E-4
39,2000	-4,167E-4
39,2400	-4,167E-4
39,2800	-4,167E-4
39,3200	-4,167E-4
39,3600	-4,167E-4
39,4000	-4,167E-4
39,4400	-4,167E-4
39,4800	-4,167E-4
39,5200	-4,167E-4
39,5600	-4,167E-4
39,6000	-4,167E-4
39,6400	-4,167E-4
39,6800	-4,167E-4
39,7200	-4,167E-4
39,7600	-4,167E-4
39,8000	-4,167E-4
39,8400	-4,167E-4
39,8800	-4,167E-4
39,9200	-4,167E-4
39,9600	-4,167E-4
40,0000	-4,167E-4
40,0400	-4,167E-4
40,0800	-4,167E-4
40,1200	-4,167E-4
40,1600	-4,167E-4
40,2000	-4,167E-4
40,2400	-4,167E-4
40,2800	-4,167E-4
40,3200	-4,167E-4
40,3600	-4,167E-4
40,4000	-4,167E-4
40,4400	-4,167E-4
40,4800	-4,167E-4
40,5200	-4,167E-4
40,5600	-4,167E-4
40,6000	-4,167E-4
40,6400	-4,167E-4
40,6800	-4,167E-4
40,7200	-4,167E-4
40,7600	-4,167E-4
40,8000	-4,167E-4
40,8400	-4,167E-4
40,8800	-4,167E-4
40,9200	-4,167E-4
40,9600	-4,167E-4
41,0000	-4,167E-4
41,0400	-4,167E-4
41,0800	-4,167E-4
41,1200	-4,167E-4
41,1600	-4,167E-4
41,2000	-4,167E-4
41,2400	-4,167E-4
41,2800	-4,167E-4
41,3200	-4,167E-4
41,3600	-4,167E-4
41,4000	-4,167E-4
41,4400	-4,167E-4
41,4800	-4,167E-4
41,5200	-4,167E-4
41,5600	-4,167E-4
41,6000	-4,167E-4
41,6400	-4,167E-4
41,6800	-4,167E-4
41,7200	-4,167E-4
41,7600	-4,167E-4
41,8000	-4,167E-4
41,8400	-4,167E-4
41,8800	-4,167E-4
41,9200	-4,167E-4
41,9600	-4,167E-4
42,0000	-4,167E-4
42,0400	-4,167E-4
42,0800	-4,167E-4
42,1200	-4,167E-4
42,1600	-4,167E-4
42,2000	-4,167E-4
42,2400	-4,167E-4
42,2800	-4,167E-4
42,3200	-4,167E-4
42,3600	-4,167E-4
42,4000	-4,167E-4
42,4400	-4,167E-4
42,4800	-4,167E-4
42,5200	-4,167E-4
42,5600	-4,167E-4
42,6000	-4,167E-4
42,6400	-4,167E-4
42,6800	-4,167E-4
42,7200	-4,167E-4
42,7600	-4,167E-4
42,8000	-4,167E-4
42,8400	-4,167E-4
42,8800	-4,167E-4
42,9200	-4,167E-4
42,9600	-4,167E-4
43,0000	-4,167E-4
43,0400	-4,167E-4
43,0800	-4,167E-4
43,1200	-4,167E-4
43,1600	-4,167E-4
43,2000	-4,167E-4
43,2400	-4,167E-4
43,2800	-4,167E-4
43,3200	-4,167E-4
43,3600	-4,167E-4
43,4000	-4,167E-4
43,4400	-4,167E-4
43,4800	-4,167E-4
43,5200	-4,167E-4
43,5600	-4,167E-4
43,6000	-4,167E-4
43,6400	-4,167E-4
43,6800	-4,167E-4
43,7200	-4,167E-4
43,7600	-4,167E-4
43,8000	-4,167E-4
43,8400	-4,167E-4
43,8800	-4,167E-4
43,9200	-4,167E-4
43,9600	-4,167E-4
44,0000	-4,167E-4
44,0400	-4,167E-4
44,0800	-4,167E-4
44,1200	-4,167E-4
44,1600	-4,167E-4
44,2000	-4,167E-4
44,2400	-4,167E-4
44,2800	-4,167E-4
44,3200	-4,167E-4
44,3600	-4,167E-4
44,4000	-4,167E-4
44,4400	-4,167E-4
44,4800	-4,167E-4
44,5200	-4,167E-4
44,5600	-4,167E-4
44,6000	-4,167E-4
44,6400	-4,167E-4
44,6800	-4,167E-4
44,7200	-4,167E-4
44,7600	-4,167E-4
44,8000	-4,167E-4
44,8400	-4,167E-4
44,8800	-4,167E-4
44,9200	-4,167E-4
44,9600	-4,167E-4
45,0000	-4,167E-4
45,0400	-4,167E-4
45,0800	-4,167E-4
45,1200	-4,167E-4
45,1600	-4,167E-4
45,2000	-4,167E-4
45,2400	-4,167E-4
45,2800	-4,167E-4
45,3200	-4,167E-4
45,3600	-4,167E-4
45,4000	-4,167E-4
45,4400	-4,167E-4
45,4800	-4,167E-4
45,5200	-4,167E-4
45,5600	-4,167E-4
45,6000	-4,167E-4
45,6400	-4,167E-4
45,6800	-4,167E-4
45,7200	-4,167E-4
45,7600	-4,167E-4
45,8000	-4,167E-4
45,8400	-4,167E-4
45,8800	-4,167E-4
45,9200	-4,167E-4
45,9600	-4,167E-4
46,0000	-4,167E-4
46,0400	-4,167E-4
46,0800	-4,167E-4
46,1200	-4,167E-4
46,1600	-4,167E-4
46,2000	-4,167E-4
46,2400	-4,167E-4
46,2800	-4,167E-4
46,3200	-4,167E-4
46,3600	-4,167E-4
46,4000	-4,167E-4
46,4400	-4,167E-4
46,4800	-4,167E-4
46,5200	-4,167E-4
46,5600	-4,167E-4
46,6000	-4,167E-4
46,6400	-4,167E-4
46,6800	-4,167E-4
46,7200	-4,167E-4
46,7600	-4,167E-4
46,8000	-4,167E-4
46,8400	-4,167E-4
46,8800	-4,167E-4
46,9200	-4,167E-4
46,9600	-4,167E-4
47,0000	-4,167E-4
47,0400	-4,167E-4
47,0800	-4,167E-4
47,1200	-4,167E-4
47,1600	-4,167E-4
47,2000	-4,167E-4
47,2400	-4,167E-4
47,2800	-4,167E-4
47,3200	-4,167E-4
47,3600	-4,167E-4
47,4000	-4,167E-4
47,4400	-4,167E-4
47,4800	-4,167E-4
47,5200	-4,167E-4
47,5600	-4,167E-4
47,6000	-4,167E-4
47,6400	-4,167E-4
47,6800	-4,167E-4
47,7200	-4,167E-4
47,7600	-4,167E-4
47,8000	-4,167E-4
47,8400	-4,167E-4
47,8800	-4,167E-4
47,9200	-4,167E-4
47,9600	-4,167E-4
48,0000	-4,167E-4
48,0400	-4,167E-4
48,0800	-4,167E-4
48,1200	-4,167E-4
48,1600	-4,167E-4
48,2000	-4,167E-4
48,2400	-4,167E-4
48,2800	-4,167E-4
48,3200	-4,167E-4
48,3600	-4,167E-4
48,4000	-4,167E-4
48,4400	-4,167E-4
48,4800	-4,167E-4
48,5200	-4,167E-4
48,5600	-4,167E-4
48,6000	-4,167E-4
48,6400	-4,167E-4
48,6800	-4,167E-4
48,7200	-4,167E-4
48,7600	-4,167E-4
48,8000	-4,167E-4
48,8400	-4,167E-4
48,8800	-4,167E-4
48,9200	-4,167E-4
48,9600	-4,167E-4
49,0000	-4,167E-4
49,0400	-4,167E-4
49,0800	-4,167E-4
49,1200	-4,167E-4
49,1600	-4,167E-4
49,2000	-4,167E-4
49,2400	-4,167E-4
49,2800	-4,167E-4
49,3200	-4,167E-4
49,3600	-4,167E-4
49,4000	-4,167E-4
49,4400	-4,167E-4
49,4800	-4,167E-4
49,5200	-4,167E-4
49,5600	-4,167E-4
49,6000	-4,167E-4
49,6400	-4,167E-4
49,6800	-4,167E-4
49,7200	-4,167E-4
49,7600	-4,167E-4
49,8000	-4,167E-4
49,8400	-4,167E-4
49,8800	-4,167E-4
49,9200	-4,167E-4
49,9600	-4,167E-4
50,0000	-4,167E-4
50,0400	-4,167E-4
50,0800	-4,167E-4
50,1200	-4,167E-4
50,1600	-4,167E-4
50,2000	-4,167E-4
50,2400	-4,167E-4
50,2800	-4,167E-4
50,3200	-4,167E-4
50,3600	-4,167E-4
50,4000	-4,167E-4
50,4400	-4,167E-4
50,4800	-4,167E-4
50,5200	-4,167E-4
50,5600	-4,167E-4
50,6000	-4,167E-4
50,6400	-4,167E-4
50,6800	-4,167E-4
50,7200	-4,167E-4
50,7600	-4,167E-4
50,8000	-4,167E-4
50,8400	-4,167E-4
50,8800	-4,167E-4
50,9200	-4,167E-4
50,9600	-4,167E-4
51,0000	-4,167E-4
51,0400	-4,167E-4
51,0800	-4,167E-4
51,1200	-4,167E-4
51,1600	-4,167E-4
51,2000	-4,167E-4
51,2400	-4,167E-4
51,2800	-4,167E-4
51,3200	-4,167E-4
51,3600	-4,167E-4
51,4000	-4,167E-4
51,4400	-4,167E-4
51,4800	-4,167E-4
51,5200	-4,167E-4
51,5600	-4,167E-4
51,6000	-4,167E-4
51,6400	-4,167E-4
51,6800	-4,167E-4
51,7200	-4,167E-4
51,7600	-4,167E-4
51,8000	-4,167E-4
51,8400	-4,167E-4
51,8800	-4,167E-4
